2017-01-01
1.00000,0.68419,0.52658,0.49359,0.41669,0.38942,0.00000
1.00000,0.71217,0.55113,0.51965,0.44371,0.39526,0.00544
1.00000,0.74075,0.57713,0.54754,0.47334,0.40400,0.01441
1.00000,0.76883,0.60305,0.57537,0.50292,0.41357,0.02356
1.00000,0.79615,0.62881,0.60309,0.53202,0.42328,0.03256
1.00000,0.82274,0.65440,0.63129,0.56213,0.43227,0.04105
1.00000,0.84625,0.67854,0.65948,0.59274,0.43797,0.04771
1.00000,0.86860,0.70221,0.68726,0.62286,0.43919,0.05237
1.00000,0.88526,0.72148,0.70962,0.64659,0.43913,0.05544
1.00000,0.89220,0.73255,0.72257,0.65714,0.43519,0.05544
1.00000,0.89402,0.73857,0.72892,0.65758,0.42648,0.05380
1.00000,0.89757,0.74698,0.73703,0.65911,0.41570,0.05317
1.00000,0.90149,0.75555,0.74625,0.66269,0.40789,0.05546
1.00000,0.89965,0.75601,0.74762,0.66141,0.40418,0.06138
1.00000,0.89306,0.75295,0.74280,0.65653,0.40600,0.06918
1.00000,0.88766,0.75172,0.73722,0.65271,0.41313,0.07782
1.00000,0.88393,0.75384,0.73596,0.65415,0.42338,0.08561
1.00000,0.88281,0.74733,0.72889,0.65187,0.42713,0.08946
1.00000,0.88288,0.73177,0.71352,0.64209,0.42279,0.08861
1.00000,0.88353,0.71866,0.69744,0.62985,0.41575,0.08316
1.00000,0.88506,0.70898,0.68366,0.62017,0.41675,0.08554
1.00000,0.88490,0.69731,0.67062,0.61022,0.42358,0.09367
1.00000,0.88272,0.68223,0.65808,0.59726,0.43032,0.10225
1.00000,0.87839,0.66555,0.64527,0.58299,0.43767,0.11299
1.00000,0.87406,0.65703,0.63775,0.57329,0.45324,0.12919
1.00000,0.87297,0.65705,0.63742,0.57105,0.47791,0.14932
1.00000,0.87245,0.66140,0.64301,0.57496,0.50418,0.16874
1.00000,0.87231,0.66890,0.65317,0.58305,0.52508,0.18236
1.00000,0.87361,0.67834,0.66506,0.59264,0.53807,0.19087
1.00000,0.87983,0.69317,0.67948,0.60383,0.54518,0.19517
1.00000,0.89071,0.71415,0.69865,0.62059,0.54959,0.19819
1.00000,0.90096,0.73337,0.71615,0.63737,0.54861,0.19709
1.00000,0.91064,0.75026,0.73182,0.65207,0.54271,0.19207
1.00000,0.91841,0.76368,0.74394,0.66308,0.53427,0.18639
1.00000,0.92333,0.77317,0.75155,0.66805,0.52492,0.18180
1.00000,0.92562,0.77828,0.75443,0.66730,0.51682,0.17725
1.00000,0.92159,0.77306,0.74812,0.66060,0.51298,0.17295
1.00000,0.90959,0.75838,0.73398,0.64904,0.51171,0.16801
1.00000,0.89520,0.73774,0.71503,0.62928,0.51082,0.16131
1.00000,0.88581,0.71816,0.69582,0.60385,0.50863,0.15316
1.00000,0.88259,0.70418,0.68015,0.58024,0.50538,0.14333
1.00000,0.88282,0.69345,0.66810,0.56290,0.50259,0.13287
1.00000,0.88673,0.68654,0.66232,0.55371,0.49943,0.12362
1.00000,0.89632,0.68817,0.66675,0.55541,0.49456,0.11690
1.00000,0.91141,0.69864,0.68012,0.56534,0.48366,0.11028
1.00000,0.92392,0.71053,0.69314,0.57437,0.46554,0.10362
1.00000,0.92963,0.71281,0.69637,0.57661,0.44590,0.09798
1.00000,0.93134,0.71019,0.69656,0.58097,0.43397,0.09731
1.00000,0.92949,0.70466,0.69466,0.58444,0.42652,0.09693
1.00000,0.92451,0.69574,0.68702,0.58028,0.41881,0.09457
1.00000,0.91938,0.68855,0.67832,0.57347,0.41882,0.09810
1.00000,0.91325,0.68132,0.66846,0.56686,0.42829,0.10815
1.00000,0.90262,0.67196,0.65669,0.55920,0.43575,0.10854
1.00000,0.88779,0.66713,0.64869,0.55441,0.43945,0.10246
1.00000,0.87328,0.66983,0.64626,0.55192,0.43936,0.09710
1.00000,0.86160,0.67511,0.64526,0.54988,0.43571,0.09265
1.00000,0.85005,0.68085,0.64222,0.54668,0.43051,0.08458
1.00000,0.83639,0.68536,0.63876,0.54494,0.42398,0.07139
1.00000,0.82197,0.68874,0.63528,0.54334,0.41918,0.05752
1.00000,0.81480,0.69486,0.63184,0.53959,0.41518,0.04851
1.00000,0.82461,0.70256,0.62823,0.53588,0.41182,0.04597
1.00000,0.83826,0.71155,0.62881,0.53835,0.41648,0.05072
1.00000,0.85021,0.71915,0.63487,0.54704,0.42899,0.06033
1.00000,0.85892,0.72278,0.64284,0.55315,0.44090,0.07108
1.00000,0.86875,0.72430,0.65062,0.55351,0.44623,0.08305
1.00000,0.88755,0.73110,0.66425,0.55578,0.45047,0.09677
1.00000,0.90711,0.70905,0.65051,0.53776,0.43929,0.10291
1.00000,0.90978,0.68049,0.63234,0.52175,0.42972,0.10230
1.00000,0.91012,0.65297,0.61480,0.50765,0.42200,0.09372
1.00000,0.91010,0.62704,0.59361,0.49185,0.41169,0.08253
1.00000,0.90997,0.60527,0.57195,0.47632,0.39682,0.07208
1.00000,0.90906,0.58748,0.55116,0.46297,0.37990,0.06128
1.00000,0.90487,0.59450,0.55256,0.46947,0.37983,0.05279
1.00000,0.89994,0.59878,0.55407,0.47695,0.37922,0.04548
1.00000,0.89505,0.60032,0.55669,0.48757,0.38089,0.04100
1.00000,0.89303,0.60630,0.56622,0.50316,0.38657,0.04345
1.00000,0.89298,0.61546,0.57940,0.51823,0.39580,0.05393
1.00000,0.89287,0.62730,0.59520,0.53344,0.41041,0.06586
1.00000,0.89514,0.64133,0.61375,0.55050,0.43026,0.07942
1.00000,0.90160,0.65927,0.63551,0.57209,0.45155,0.09581
1.00000,0.90955,0.68069,0.65927,0.59198,0.46629,0.11389
1.00000,0.91367,0.69675,0.67508,0.60141,0.47239,0.13035
1.00000,0.91213,0.70276,0.67961,0.59985,0.47013,0.13783
1.00000,0.90678,0.70145,0.67693,0.59276,0.46369,0.13617
1.00000,0.90146,0.69730,0.66955,0.58458,0.45693,0.13131
1.00000,0.89545,0.69056,0.65771,0.57467,0.44635,0.12331
1.00000,0.88744,0.68029,0.64123,0.56073,0.43001,0.10919
1.00000,0.87805,0.66667,0.62106,0.54080,0.40841,0.09042
1.00000,0.87066,0.65364,0.60298,0.52041,0.38781,0.07053
1.00000,0.86637,0.64366,0.58784,0.50344,0.36902,0.05169
1.00000,0.86386,0.63610,0.57507,0.48980,0.35153,0.03757
1.00000,0.86327,0.63180,0.56875,0.48292,0.33937,0.03276
1.00000,0.85589,0.65942,0.59750,0.50663,0.35123,0.03819
1.00000,0.84329,0.68433,0.62740,0.53181,0.37108,0.04331
1.00000,0.82398,0.70460,0.65152,0.55434,0.39333,0.04597
1.00000,0.80547,0.72789,0.67261,0.57603,0.41556,0.05046
1.00000,0.78607,0.76163,0.69915,0.60325,0.43731,0.05421
1.00000,0.77208,0.77208,0.70144,0.60796,0.43887,0.05243
1.00000,0.76635,0.76630,0.68805,0.59780,0.42805,0.04364
1.00000,0.76672,0.76491,0.67772,0.58892,0.41547,0.03172
1.00000,0.77678,0.77116,0.67526,0.58564,0.40458,0.02559
1.00000,0.79454,0.78525,0.68465,0.59303,0.40179,0.02558
1.00000,0.81400,0.80180,0.69424,0.59881,0.40937,0.02786
1.00000,0.82966,0.81410,0.69360,0.59510,0.41856,0.03027
1.00000,0.84081,0.81995,0.68575,0.58589,0.42583,0.03138
1.00000,0.84954,0.82042,0.67453,0.57235,0.42967,0.03158
1.00000,0.85312,0.81493,0.66076,0.55537,0.42852,0.03053
1.00000,0.85152,0.80247,0.64100,0.53072,0.42447,0.02905
1.00000,0.84510,0.78107,0.61349,0.49946,0.41744,0.02726
1.00000,0.83996,0.75953,0.59529,0.47738,0.40764,0.02610
1.00000,0.83929,0.74496,0.59505,0.46881,0.40272,0.02754
1.00000,0.84175,0.73606,0.60471,0.46616,0.40217,0.03073
1.00000,0.84761,0.73236,0.61856,0.46703,0.40285,0.03606
1.00000,0.85392,0.73242,0.63182,0.47129,0.40508,0.04253
1.00000,0.85660,0.73269,0.64140,0.47734,0.40989,0.04715
1.00000,0.85787,0.72977,0.64483,0.48158,0.41116,0.04824
1.00000,0.85769,0.72357,0.64116,0.48353,0.40561,0.04709
1.00000,0.85619,0.71523,0.63354,0.48457,0.39642,0.04683
1.00000,0.85476,0.70440,0.62283,0.48614,0.39110,0.04825
1.00000,0.85660,0.69577,0.61283,0.48853,0.39154,0.05172
1.00000,0.86045,0.68643,0.60078,0.48481,0.39195,0.05442
1.00000,0.86306,0.67897,0.58985,0.47643,0.39138,0.05655
1.00000,0.86597,0.67852,0.58497,0.47039,0.39192,0.05819
1.00000,0.87011,0.68070,0.57801,0.46098,0.39139,0.05841
1.00000,0.87375,0.68343,0.56775,0.44686,0.38932,0.05534
1.00000,0.87608,0.68486,0.55910,0.43338,0.38708,0.04867
1.00000,0.87704,0.68399,0.55352,0.42270,0.38345,0.03925
1.00000,0.87966,0.68231,0.55181,0.41624,0.37803,0.03016
1.00000,0.88408,0.67955,0.55208,0.41393,0.37417,0.02465
1.00000,0.88569,0.67127,0.54873,0.41239,0.37200,0.02108
1.00000,0.88300,0.65666,0.54220,0.41001,0.37243,0.01841
1.00000,0.87924,0.64297,0.54151,0.41168,0.37590,0.01848
1.00000,0.86920,0.66314,0.57308,0.44191,0.39835,0.02247
1.00000,0.85965,0.68819,0.60635,0.47648,0.41695,0.02924
1.00000,0.85135,0.70764,0.62983,0.50237,0.42427,0.03340
1.00000,0.84306,0.73054,0.65266,0.52506,0.42676,0.03307
1.00000,0.83590,0.76379,0.68463,0.55154,0.43071,0.03140
1.00000,0.83366,0.79904,0.71801,0.58126,0.43599,0.03091
1.00000,0.83864,0.81970,0.73956,0.60262,0.43673,0.03211
1.00000,0.84211,0.83731,0.75915,0.62055,0.44417,0.03450
1.00000,0.84408,0.84408,0.76842,0.62865,0.44964,0.03684
1.00000,0.84507,0.84507,0.77243,0.63267,0.45343,0.03811
1.00000,0.84260,0.84214,0.77174,0.63252,0.45892,0.03803
1.00000,0.84053,0.84053,0.76435,0.62386,0.46429,0.03694
1.00000,0.84325,0.84325,0.74881,0.60501,0.46803,0.03460
1.00000,0.84830,0.84830,0.72595,0.57956,0.46750,0.03127
1.00000,0.85113,0.85113,0.70246,0.55258,0.46502,0.02600
1.00000,0.85308,0.85232,0.68188,0.52422,0.46076,0.01881
1.00000,0.85398,0.85068,0.66202,0.49438,0.45213,0.01221
1.00000,0.85160,0.84761,0.64448,0.46842,0.44382,0.00817
1.00000,0.84775,0.84386,0.63382,0.45092,0.43473,0.00706
1.00000,0.84359,0.83981,0.63312,0.44352,0.42569,0.00668
1.00000,0.83593,0.83240,0.63626,0.44343,0.41884,0.00545
1.00000,0.82770,0.82497,0.63623,0.44664,0.41192,0.00276
1.00000,0.82363,0.82224,0.63228,0.45374,0.40822,0.00105
1.00000,0.82500,0.82446,0.62852,0.46525,0.40957,0.00294
1.00000,0.83041,0.82905,0.62124,0.47387,0.41219,0.00516
1.00000,0.83666,0.83396,0.60808,0.47493,0.41202,0.00628
1.00000,0.83872,0.83520,0.59054,0.46946,0.40838,0.00669
1.00000,0.83711,0.83333,0.57860,0.46370,0.40619,0.00736
1.00000,0.83427,0.83048,0.57445,0.46089,0.40659,0.00894
1.00000,0.82827,0.82445,0.57508,0.46091,0.40646,0.01054
1.00000,0.81849,0.81485,0.58418,0.46448,0.40696,0.01232
1.00000,0.81152,0.80864,0.60380,0.46443,0.40490,0.01407
1.00000,0.80854,0.80680,0.62659,0.45908,0.39961,0.01687
1.00000,0.80858,0.80682,0.65052,0.45474,0.39548,0.02250
1.00000,0.81375,0.81077,0.67536,0.45699,0.39865,0.03107
1.00000,0.82433,0.82043,0.69677,0.46615,0.40978,0.04216
1.00000,0.83697,0.83285,0.71307,0.47380,0.42044,0.05228
1.00000,0.84672,0.84274,0.71826,0.47549,0.41988,0.05627
1.00000,0.85234,0.84822,0.71684,0.48235,0.41600,0.05470
1.00000,0.85583,0.85105,0.71498,0.50258,0.41879,0.05140
1.00000,0.86004,0.85491,0.71703,0.53032,0.42301,0.04873
1.00000,0.86135,0.85663,0.71712,0.55537,0.42241,0.04420
1.00000,0.85559,0.85160,0.71266,0.56816,0.41564,0.03592
1.00000,0.84749,0.84377,0.70874,0.57183,0.40527,0.02562
1.00000,0.84295,0.83927,0.70922,0.57631,0.39758,0.01977
1.00000,0.84185,0.83847,0.71362,0.58605,0.39685,0.02073
1.00000,0.83847,0.83592,0.71825,0.59423,0.39911,0.02574
1.00000,0.83598,0.83469,0.72713,0.60226,0.40400,0.03125
1.00000,0.83739,0.83713,0.73695,0.60832,0.41155,0.03547
1.00000,0.83928,0.83928,0.73478,0.60425,0.41654,0.03972
1.00000,0.84263,0.84263,0.72322,0.59421,0.41627,0.04348
1.00000,0.84637,0.84637,0.70799,0.58181,0.41106,0.04509
1.00000,0.84966,0.84966,0.69764,0.57002,0.40719,0.04359
1.00000,0.85623,0.85623,0.69417,0.56236,0.40627,0.03981
1.00000,0.86695,0.86695,0.69511,0.55963,0.39887,0.03458
1.00000,0.87922,0.87922,0.70426,0.56480,0.38743,0.02840
1.00000,0.88818,0.88818,0.72357,0.57889,0.38004,0.02349
1.00000,0.89563,0.89563,0.75278,0.60160,0.38071,0.02031
1.00000,0.90414,0.90414,0.78167,0.62458,0.38455,0.01766
1.00000,0.91083,0.91083,0.80111,0.63939,0.38439,0.01494
1.00000,0.91527,0.91527,0.81149,0.64904,0.38217,0.01249
1.00000,0.91772,0.91772,0.81559,0.65690,0.38500,0.01310
1.00000,0.91989,0.91989,0.81484,0.66280,0.39598,0.01648
1.00000,0.92464,0.92464,0.81064,0.66840,0.41089,0.01902
1.00000,0.93060,0.93060,0.79943,0.66692,0.42226,0.01830
1.00000,0.93493,0.93493,0.78612,0.65957,0.42691,0.01633
1.00000,0.93691,0.93691,0.77426,0.65095,0.43007,0.01629
1.00000,0.93930,0.93930,0.76128,0.63907,0.43494,0.01780
1.00000,0.94195,0.94195,0.74439,0.61953,0.43779,0.01888
1.00000,0.94196,0.94196,0.72115,0.58891,0.42958,0.01668
1.00000,0.94074,0.94074,0.70056,0.55849,0.41395,0.01345
1.00000,0.93947,0.93947,0.68913,0.53767,0.40157,0.01403
1.00000,0.93920,0.93920,0.68190,0.52356,0.39758,0.01658
1.00000,0.93983,0.93983,0.67142,0.50806,0.39453,0.01870
1.00000,0.93916,0.93916,0.65814,0.48990,0.38924,0.01829
1.00000,0.93704,0.93704,0.64522,0.47238,0.38228,0.01462
1.00000,0.93273,0.93273,0.62973,0.45683,0.37724,0.01130
1.00000,0.92483,0.92483,0.61151,0.44095,0.37602,0.00884
1.00000,0.91310,0.91310,0.58948,0.42136,0.37262,0.00628
1.00000,0.90087,0.90087,0.57060,0.40451,0.36739,0.00517
1.00000,0.88969,0.88969,0.55879,0.39609,0.36487,0.00742
1.00000,0.88148,0.88148,0.55519,0.39665,0.36388,0.01123
1.00000,0.87445,0.87445,0.55947,0.40533,0.36626,0.01775
1.00000,0.86418,0.86418,0.56926,0.42118,0.37532,0.02598
1.00000,0.85290,0.85290,0.58550,0.44307,0.38997,0.03577
1.00000,0.84016,0.84016,0.60500,0.46604,0.40547,0.04500
1.00000,0.82682,0.82682,0.62369,0.48726,0.41565,0.05149
1.00000,0.81342,0.81342,0.63996,0.50521,0.42130,0.05467
1.00000,0.80025,0.80025,0.65134,0.51685,0.42659,0.05297
1.00000,0.79321,0.79321,0.66082,0.52096,0.42863,0.04761
1.00000,0.79423,0.79423,0.66576,0.51446,0.42639,0.04015
1.00000,0.80297,0.80297,0.66739,0.49941,0.41854,0.03394
1.00000,0.81645,0.81645,0.66905,0.48298,0.40747,0.02941
1.00000,0.83099,0.83099,0.67521,0.47006,0.39942,0.02528
1.00000,0.84784,0.84784,0.68983,0.46603,0.39565,0.02226
1.00000,0.86457,0.86457,0.71130,0.47658,0.39370,0.02240
1.00000,0.87872,0.87872,0.74038,0.50066,0.39076,0.02354
1.00000,0.89173,0.89173,0.77337,0.53597,0.38914,0.02391
1.00000,0.90627,0.90627,0.80714,0.58343,0.38097,0.02198
1.00000,0.92310,0.92310,0.84405,0.63833,0.37086,0.01846
1.00000,0.94092,0.94092,0.88180,0.69658,0.36441,0.01443
1.00000,0.95725,0.95725,0.91493,0.75466,0.35891,0.01103
1.00000,0.97157,0.97157,0.94007,0.81013,0.35354,0.00825
1.00000,0.98354,0.98354,0.95953,0.85844,0.34429,0.00532
1.00000,0.99169,0.99169,0.97562,0.89943,0.33530,0.00269
1.00000,0.99664,0.99664,0.98822,0.93157,0.33711,0.00058
1.00000,0.99710,0.99710,0.99054,0.94014,0.34038,0.00065
1.00000,0.99361,0.99361,0.98401,0.92927,0.34449,0.00296
1.00000,0.98792,0.98792,0.97387,0.90960,0.34622,0.00638
1.00000,0.98088,0.98088,0.96271,0.88250,0.34802,0.01180
1.00000,0.97467,0.97467,0.95224,0.84890,0.35014,0.01895
1.00000,0.97006,0.97006,0.93988,0.80901,0.34969,0.02812
1.00000,0.96705,0.96705,0.92610,0.76794,0.34887,0.03863
1.00000,0.96327,0.96327,0.91073,0.72245,0.35905,0.05127
1.00000,0.95984,0.95984,0.89565,0.67826,0.37411,0.06468
1.00000,0.95772,0.95772,0.88436,0.64491,0.38913,0.07428
1.00000,0.95491,0.95384,0.87081,0.62210,0.40036,0.07875
1.00000,0.95080,0.94424,0.85357,0.60704,0.40769,0.08083
1.00000,0.94397,0.92769,0.83298,0.59190,0.41131,0.08206
1.00000,0.93543,0.90708,0.81336,0.58242,0.41261,0.08245
1.00000,0.92671,0.88276,0.79490,0.58096,0.40924,0.07895
1.00000,0.91994,0.85545,0.76996,0.57436,0.40077,0.07351
1.00000,0.91713,0.82895,0.74378,0.56357,0.39231,0.06871
1.00000,0.91642,0.80679,0.72292,0.55250,0.38802,0.06512
1.00000,0.91842,0.79439,0.71139,0.54789,0.38755,0.06267
1.00000,0.92239,0.78335,0.70053,0.54441,0.38250,0.05728
1.00000,0.92634,0.77474,0.69018,0.54031,0.37464,0.05036
1.00000,0.93186,0.77215,0.68661,0.54026,0.36951,0.04598
1.00000,0.93800,0.77808,0.69454,0.54926,0.36976,0.04473
1.00000,0.94446,0.78839,0.71091,0.56634,0.37331,0.04506
1.00000,0.94808,0.79746,0.72725,0.58361,0.37613,0.04540
1.00000,0.94916,0.80841,0.74296,0.59811,0.37992,0.04769
1.00000,0.94993,0.82171,0.75853,0.60844,0.38321,0.05301
1.00000,0.95131,0.82150,0.76310,0.60739,0.38250,0.05907
1.00000,0.95323,0.81991,0.76997,0.61280,0.38818,0.06643
1.00000,0.95436,0.82085,0.77886,0.62329,0.39643,0.07183
1.00000,0.95347,0.82102,0.78305,0.62930,0.40273,0.07285
1.00000,0.95055,0.82054,0.78176,0.62903,0.40563,0.07042
1.00000,0.94788,0.81878,0.77952,0.62973,0.41102,0.06734
1.00000,0.94537,0.81599,0.77933,0.63493,0.42261,0.06358
1.00000,0.94172,0.81469,0.77992,0.64285,0.43495,0.05917
1.00000,0.93804,0.81838,0.78184,0.65041,0.44286,0.05606
1.00000,0.93516,0.82376,0.78303,0.65060,0.44419,0.05555
1.00000,0.93201,0.82260,0.77867,0.64054,0.43839,0.05602
1.00000,0.92739,0.82731,0.78110,0.63895,0.43666,0.05711
1.00000,0.92333,0.84426,0.79616,0.65126,0.44374,0.05939
1.00000,0.92221,0.86597,0.81603,0.66350,0.45122,0.06010
1.00000,0.92168,0.88861,0.83460,0.67091,0.45497,0.05643
1.00000,0.91981,0.89443,0.83490,0.66470,0.45171,0.04918
1.00000,0.91641,0.88618,0.82079,0.64830,0.44350,0.04098
1.00000,0.91065,0.87805,0.80852,0.63846,0.44375,0.03945
1.00000,0.90244,0.85518,0.78353,0.62060,0.43899,0.04212
1.00000,0.89149,0.81871,0.74707,0.59443,0.42591,0.04532
1.00000,0.87596,0.79751,0.72487,0.58411,0.42253,0.04914
1.00000,0.86242,0.75459,0.68348,0.56135,0.40900,0.05173
1.00000,0.85554,0.70294,0.63808,0.53445,0.39265,0.05427
1.00000,0.85582,0.66520,0.60821,0.51703,0.38120,0.05595
1.00000,0.85978,0.64352,0.58925,0.50540,0.37085,0.05348
1.00000,0.86243,0.63816,0.58072,0.50088,0.36532,0.04747
1.00000,0.86663,0.63436,0.57472,0.49655,0.36013,0.04236
1.00000,0.87253,0.63133,0.57265,0.49423,0.35841,0.04051
1.00000,0.87869,0.62964,0.57055,0.49094,0.35701,0.04102
1.00000,0.88427,0.63216,0.56887,0.48947,0.35857,0.04198
1.00000,0.88927,0.63875,0.56958,0.49175,0.36887,0.04190
1.00000,0.88839,0.65400,0.57826,0.50192,0.38805,0.04333
1.00000,0.88449,0.67595,0.59416,0.51966,0.41288,0.04889
1.00000,0.88471,0.70748,0.62396,0.55176,0.44257,0.05723
1.00000,0.88787,0.74405,0.66019,0.59167,0.47201,0.06121
1.00000,0.88841,0.78011,0.69250,0.62671,0.50450,0.06055
1.00000,0.88388,0.80909,0.71910,0.65130,0.52645,0.05886
1.00000,0.87710,0.83188,0.73787,0.66192,0.52957,0.05991
1.00000,0.86763,0.85114,0.74695,0.65907,0.52057,0.06146
1.00000,0.85653,0.85492,0.73856,0.63973,0.50396,0.05875
1.00000,0.84862,0.84862,0.71943,0.60685,0.48914,0.05448
1.00000,0.84826,0.84826,0.70730,0.57926,0.48027,0.05612
1.00000,0.85025,0.85025,0.69821,0.56033,0.47698,0.06594
1.00000,0.85236,0.85236,0.69356,0.55255,0.48132,0.07403
1.00000,0.85102,0.85102,0.69638,0.55488,0.49270,0.07712
1.00000,0.84630,0.84630,0.70419,0.56542,0.51150,0.07657
1.00000,0.84117,0.84117,0.71560,0.58526,0.53497,0.07673
1.00000,0.82764,0.82764,0.72225,0.60091,0.54694,0.08085
1.00000,0.80597,0.80597,0.72058,0.60646,0.54413,0.08166
1.00000,0.79150,0.79150,0.72001,0.61088,0.53680,0.08032
1.00000,0.78924,0.78924,0.72110,0.61177,0.52906,0.07973
1.00000,0.79437,0.79437,0.72332,0.61183,0.52681,0.07839
1.00000,0.80443,0.80443,0.72871,0.61544,0.53145,0.07746
1.00000,0.83551,0.75306,0.67751,0.57376,0.49613,0.06974
1.00000,0.85268,0.74687,0.66477,0.56598,0.49003,0.06399
1.00000,0.86461,0.74070,0.64857,0.55221,0.48052,0.05483
1.00000,0.87375,0.75873,0.65468,0.55628,0.48708,0.04680
1.00000,0.89478,0.70276,0.60336,0.51219,0.44811,0.03885
1.00000,0.89836,0.70615,0.60963,0.51886,0.44998,0.03810
1.00000,0.89660,0.71318,0.62459,0.53545,0.46027,0.03833
1.00000,0.89195,0.71741,0.63918,0.55087,0.47463,0.03895
1.00000,0.87765,0.70994,0.64109,0.55304,0.48270,0.03980
1.00000,0.86025,0.69819,0.63786,0.54978,0.48797,0.04081
1.00000,0.84529,0.68922,0.63770,0.54992,0.49479,0.04194
1.00000,0.83021,0.67827,0.63516,0.54900,0.49966,0.04404
1.00000,0.81009,0.65582,0.62008,0.53504,0.49030,0.04696
1.00000,0.79478,0.62587,0.59619,0.50998,0.46724,0.04898
1.00000,0.79039,0.61196,0.58430,0.49246,0.44921,0.05128
1.00000,0.78977,0.60656,0.57984,0.48020,0.43483,0.05391
1.00000,0.79351,0.60163,0.57699,0.46979,0.42332,0.05663
1.00000,0.79984,0.59417,0.57111,0.45736,0.41366,0.05705
1.00000,0.80428,0.57889,0.55661,0.44182,0.40451,0.05332
1.00000,0.79257,0.59662,0.57432,0.45630,0.42516,0.05032
1.00000,0.77688,0.61223,0.59153,0.47298,0.44593,0.04610
1.00000,0.76306,0.63079,0.61319,0.49797,0.46684,0.04349
1.00000,0.76541,0.66231,0.64998,0.53849,0.49803,0.04185
1.00000,0.76995,0.69839,0.69127,0.58191,0.53065,0.03820
1.00000,0.76926,0.73359,0.72897,0.62052,0.55423,0.03518
1.00000,0.77185,0.74871,0.74471,0.63955,0.55213,0.03457
1.00000,0.78775,0.76313,0.75791,0.65500,0.54297,0.03700
1.00000,0.82192,0.79762,0.78982,0.68337,0.55068,0.03962
1.00000,0.83794,0.81547,0.80441,0.69229,0.55243,0.03960
1.00000,0.84302,0.82079,0.80750,0.68843,0.54830,0.04032
1.00000,0.84731,0.82587,0.81156,0.68781,0.54504,0.04385
1.00000,0.84762,0.83070,0.81611,0.69175,0.54548,0.05019
1.00000,0.84741,0.83393,0.81642,0.69103,0.54781,0.05424
1.00000,0.84626,0.83283,0.81178,0.67941,0.54808,0.05816
1.00000,0.84897,0.83601,0.81241,0.67069,0.55080,0.07087
1.00000,0.86191,0.84895,0.82202,0.67729,0.56506,0.09306
1.00000,0.87823,0.86278,0.82811,0.68556,0.57800,0.11398
1.00000,0.89496,0.87554,0.83209,0.69306,0.58907,0.12705
1.00000,0.90922,0.88285,0.83239,0.69299,0.59242,0.12608
1.00000,0.92154,0.89253,0.83906,0.69548,0.59456,0.12050
1.00000,0.93254,0.90527,0.85316,0.70886,0.60648,0.12001
1.00000,0.94169,0.91658,0.86858,0.73313,0.60863,0.11062
1.00000,0.95034,0.92830,0.88488,0.75847,0.57233,0.07860
1.00000,0.95565,0.93787,0.89874,0.77488,0.53482,0.04987
1.00000,0.95218,0.94138,0.90646,0.78118,0.49805,0.03114
1.00000,0.94058,0.93654,0.90329,0.77925,0.46127,0.02521
1.00000,0.92886,0.92772,0.89107,0.76811,0.42500,0.02924
1.00000,0.92282,0.91886,0.87454,0.74881,0.39499,0.03337
1.00000,0.91640,0.90621,0.84819,0.71471,0.38994,0.03429
1.00000,0.90847,0.88875,0.82085,0.68145,0.39002,0.03316
1.00000,0.89914,0.86407,0.79282,0.64851,0.38998,0.03310
1.00000,0.89331,0.83803,0.76666,0.61798,0.39450,0.03589
1.00000,0.89464,0.81350,0.74353,0.59111,0.40849,0.03779
1.00000,0.90094,0.79238,0.72454,0.57275,0.42632,0.03927
1.00000,0.90302,0.77789,0.71263,0.56541,0.43989,0.04585
1.00000,0.89831,0.76009,0.69540,0.55352,0.44191,0.05149
1.00000,0.89269,0.74301,0.67030,0.53391,0.43350,0.05383
1.00000,0.89063,0.73188,0.64160,0.51109,0.41956,0.05468
1.00000,0.89119,0.72982,0.61884,0.49465,0.40522,0.05123
1.00000,0.89224,0.73252,0.60290,0.48516,0.39157,0.04301
1.00000,0.89491,0.73833,0.59605,0.48215,0.38208,0.03556
1.00000,0.89934,0.74379,0.59517,0.48222,0.37815,0.02994
1.00000,0.90208,0.74524,0.59630,0.48334,0.38074,0.02623
1.00000,0.90026,0.74121,0.59998,0.48769,0.38885,0.02486
1.00000,0.89546,0.73704,0.61175,0.50103,0.40393,0.02767
1.00000,0.89180,0.73156,0.62207,0.51435,0.41729,0.03266
1.00000,0.89035,0.72640,0.63273,0.52541,0.42894,0.03990
1.00000,0.89076,0.72366,0.64652,0.53433,0.43803,0.04861
1.00000,0.89156,0.72259,0.66032,0.54129,0.44089,0.05489
1.00000,0.89351,0.72285,0.67202,0.54856,0.44004,0.05982
1.00000,0.89813,0.72228,0.67586,0.55019,0.43408,0.06618
1.00000,0.90083,0.72466,0.66537,0.53734,0.42098,0.07243
1.00000,0.89795,0.71914,0.64533,0.51403,0.40655,0.07550
1.00000,0.89239,0.70958,0.62060,0.48901,0.39548,0.07354
1.00000,0.88685,0.70180,0.59705,0.47213,0.39139,0.06869
1.00000,0.88313,0.69700,0.57412,0.46170,0.39403,0.06284
1.00000,0.88247,0.69542,0.55304,0.45287,0.39957,0.05746
1.00000,0.88545,0.69859,0.54358,0.45206,0.40799,0.05346
1.00000,0.89181,0.70884,0.54521,0.46096,0.41942,0.04937
1.00000,0.89927,0.72334,0.55563,0.47728,0.43342,0.04481
1.00000,0.90491,0.73763,0.56970,0.49560,0.44799,0.04620
1.00000,0.90733,0.74922,0.58238,0.51085,0.46056,0.05166
1.00000,0.90772,0.76051,0.59366,0.52122,0.46967,0.05633
1.00000,0.90734,0.77518,0.60503,0.52865,0.47371,0.05992
1.00000,0.90468,0.79223,0.61607,0.53705,0.47543,0.06171
1.00000,0.89954,0.81269,0.62635,0.54832,0.47827,0.05997
1.00000,0.89359,0.82851,0.63855,0.56404,0.48439,0.05496
1.00000,0.88900,0.84491,0.65531,0.58188,0.49016,0.04881
1.00000,0.88639,0.86043,0.66779,0.59204,0.48808,0.04303
1.00000,0.88180,0.85013,0.65813,0.58103,0.47030,0.03733
1.00000,0.86790,0.83717,0.64486,0.56617,0.45731,0.03201
1.00000,0.84847,0.81705,0.62799,0.54719,0.44749,0.02860
1.00000,0.82905,0.79428,0.61123,0.52669,0.44014,0.02845
1.00000,0.81533,0.77674,0.60071,0.50820,0.43617,0.03087
1.00000,0.80748,0.76812,0.59809,0.49605,0.43819,0.03392
1.00000,0.80250,0.76432,0.59725,0.48871,0.44335,0.03596
1.00000,0.80231,0.76301,0.60011,0.48859,0.45418,0.03989
1.00000,0.80861,0.76735,0.61161,0.49754,0.46878,0.04541
1.00000,0.82237,0.77858,0.63080,0.51385,0.48109,0.05058
1.00000,0.83835,0.79113,0.64694,0.52827,0.48907,0.05679
1.00000,0.85077,0.80187,0.65582,0.53961,0.49645,0.06144
1.00000,0.85767,0.80664,0.65960,0.55018,0.50414,0.06392
1.00000,0.86179,0.80915,0.66696,0.56646,0.51375,0.06640
1.00000,0.86569,0.81439,0.68374,0.59055,0.52424,0.06982
1.00000,0.86578,0.82005,0.70381,0.61449,0.53355,0.07444
1.00000,0.85668,0.81725,0.71281,0.62685,0.53958,0.07733
1.00000,0.83824,0.80334,0.70659,0.62521,0.54340,0.07960
1.00000,0.81349,0.78475,0.69205,0.61436,0.53860,0.07739
1.00000,0.79126,0.77383,0.68073,0.60284,0.52823,0.07094
1.00000,0.77442,0.76549,0.66505,0.58516,0.51224,0.06250
1.00000,0.75901,0.75538,0.64260,0.56236,0.49665,0.05184
1.00000,0.74723,0.74660,0.62230,0.54284,0.48496,0.04095
1.00000,0.74667,0.74667,0.61431,0.53643,0.47674,0.03293
1.00000,0.75588,0.75588,0.61856,0.54132,0.47481,0.02798
1.00000,0.76826,0.76826,0.62924,0.55173,0.48036,0.02798
1.00000,0.77926,0.77185,0.63611,0.55957,0.48548,0.03054
1.00000,0.79216,0.76035,0.63370,0.55964,0.48281,0.03398
1.00000,0.80499,0.74826,0.63458,0.56125,0.47824,0.03862
1.00000,0.81921,0.73703,0.64015,0.56557,0.47160,0.04428
1.00000,0.83337,0.72388,0.64328,0.56726,0.46130,0.04841
1.00000,0.84527,0.70580,0.63936,0.56365,0.45107,0.04895
1.00000,0.85560,0.68386,0.62782,0.55396,0.44213,0.04897
1.00000,0.85736,0.71344,0.65768,0.58029,0.46164,0.05456
1.00000,0.86571,0.71619,0.66061,0.58111,0.45792,0.05768
1.00000,0.87046,0.71386,0.65845,0.57797,0.45374,0.05814
1.00000,0.86716,0.71275,0.65061,0.57068,0.45463,0.05725
1.00000,0.84385,0.79093,0.70448,0.61744,0.50308,0.06138
1.00000,0.85529,0.69982,0.60485,0.52886,0.43734,0.05247
1.00000,0.85698,0.67115,0.57101,0.49707,0.41080,0.04800
1.00000,0.86024,0.65191,0.55731,0.48332,0.39417,0.04401
1.00000,0.86603,0.64024,0.55573,0.48221,0.38644,0.04148
1.00000,0.87128,0.62905,0.55120,0.48009,0.37821,0.04086
1.00000,0.87625,0.61645,0.54217,0.47414,0.36584,0.04040
1.00000,0.87757,0.60183,0.53748,0.47106,0.35799,0.03897
1.00000,0.86633,0.58565,0.53529,0.47032,0.35819,0.03596
1.00000,0.85546,0.57455,0.52993,0.46690,0.36177,0.03263
1.00000,0.84880,0.56965,0.52564,0.46445,0.36913,0.02917
1.00000,0.84097,0.56892,0.52235,0.46302,0.37776,0.02656
1.00000,0.83359,0.57244,0.52256,0.46392,0.38734,0.02447
1.00000,0.82997,0.57827,0.52686,0.46755,0.39469,0.02278
1.00000,0.83671,0.59489,0.54399,0.48422,0.40602,0.02393
1.00000,0.85229,0.62862,0.57783,0.51692,0.42571,0.02949
1.00000,0.86907,0.66775,0.61351,0.55191,0.44412,0.03595
1.00000,0.88137,0.70249,0.64583,0.58411,0.46041,0.04115
1.00000,0.88711,0.72820,0.67150,0.60987,0.47031,0.04669
1.00000,0.88934,0.74877,0.69272,0.63117,0.47812,0.05405
1.00000,0.89269,0.76289,0.70808,0.64700,0.48362,0.05971
1.00000,0.90020,0.77338,0.71883,0.65661,0.47992,0.06133
1.00000,0.90989,0.77531,0.72213,0.65951,0.47014,0.06089
1.00000,0.91468,0.77867,0.72724,0.66488,0.46811,0.06319
1.00000,0.91733,0.78721,0.73505,0.67251,0.47180,0.06593
1.00000,0.91940,0.79265,0.73462,0.67213,0.47150,0.06731
1.00000,0.91889,0.79514,0.72836,0.66697,0.46624,0.06544
1.00000,0.91033,0.79354,0.71907,0.66003,0.46129,0.06270
1.00000,0.89263,0.79753,0.71728,0.66041,0.46380,0.06017
1.00000,0.87630,0.80461,0.72076,0.66509,0.47192,0.05531
1.00000,0.86464,0.81382,0.72997,0.67363,0.48052,0.04870
1.00000,0.85541,0.82427,0.74365,0.68441,0.48781,0.04386
1.00000,0.84560,0.82446,0.74565,0.68377,0.49065,0.04015
1.00000,0.83334,0.81400,0.73347,0.66803,0.49039,0.03710
1.00000,0.81986,0.80562,0.72412,0.65406,0.49665,0.03676
1.00000,0.80167,0.79236,0.71394,0.64137,0.49557,0.03934
1.00000,0.78451,0.78000,0.70626,0.63228,0.48638,0.04286
1.00000,0.77062,0.76915,0.69776,0.62328,0.47167,0.04338
1.00000,0.75290,0.75268,0.68266,0.61019,0.45227,0.03933
1.00000,0.73401,0.73401,0.66892,0.59835,0.43473,0.03502
1.00000,0.72569,0.72569,0.67084,0.60001,0.42421,0.03436
1.00000,0.73351,0.73351,0.68805,0.61561,0.42177,0.03659
1.00000,0.75318,0.75269,0.71215,0.63816,0.42941,0.04035
1.00000,0.77221,0.76967,0.72884,0.65277,0.44243,0.04395
1.00000,0.78276,0.77652,0.73386,0.65725,0.45664,0.04723
1.00000,0.78619,0.77423,0.73235,0.65760,0.47292,0.05044
1.00000,0.79019,0.76633,0.72792,0.65511,0.48804,0.05310
1.00000,0.78981,0.74459,0.71004,0.63916,0.49166,0.05262
1.00000,0.77550,0.71073,0.67890,0.61011,0.48395,0.04838
1.00000,0.75897,0.67384,0.64458,0.57645,0.47217,0.04338
1.00000,0.74934,0.64204,0.61855,0.54826,0.46089,0.04199
1.00000,0.74736,0.61815,0.60210,0.52746,0.45033,0.04452
1.00000,0.75497,0.60728,0.59786,0.51727,0.44591,0.04836
1.00000,0.76366,0.63839,0.63014,0.53848,0.46585,0.05477
1.00000,0.78162,0.67906,0.66631,0.56591,0.48916,0.06416
1.00000,0.80372,0.71854,0.69894,0.59447,0.51542,0.07628
1.00000,0.82695,0.75896,0.73187,0.62656,0.54294,0.09208
1.00000,0.84498,0.80560,0.77153,0.66642,0.57525,0.11103
1.00000,0.85038,0.84625,0.80176,0.70013,0.60457,0.12876
1.00000,0.85191,0.85191,0.79373,0.69974,0.60412,0.13780
1.00000,0.85195,0.85195,0.78229,0.69040,0.59466,0.14446
1.00000,0.84868,0.84868,0.77465,0.67831,0.57716,0.14660
1.00000,0.83773,0.83773,0.76616,0.66017,0.55281,0.14113
1.00000,0.82826,0.82826,0.76305,0.64412,0.52589,0.12992
1.00000,0.82445,0.82445,0.76679,0.63710,0.49759,0.11861
1.00000,0.82558,0.82558,0.77722,0.63549,0.47749,0.11170
1.00000,0.83368,0.83368,0.79606,0.64067,0.46317,0.10760
1.00000,0.84219,0.84219,0.81627,0.65101,0.45301,0.10651
1.00000,0.84751,0.84751,0.83042,0.66148,0.44989,0.10746
1.00000,0.84849,0.84849,0.83425,0.66805,0.45120,0.11026
1.00000,0.84699,0.84669,0.82910,0.66980,0.45523,0.11500
1.00000,0.84461,0.84314,0.81800,0.66820,0.45955,0.11714
1.00000,0.84016,0.83687,0.80043,0.66111,0.46239,0.11544
1.00000,0.83648,0.83080,0.77954,0.65068,0.46559,0.11233
1.00000,0.83520,0.82769,0.75902,0.64118,0.47180,0.11091
1.00000,0.83581,0.82748,0.73657,0.62713,0.47823,0.10918
1.00000,0.83842,0.82984,0.71508,0.61064,0.48268,0.10633
1.00000,0.84056,0.83213,0.69803,0.59467,0.48381,0.10350
1.00000,0.84339,0.83551,0.68589,0.58010,0.48103,0.10117
1.00000,0.84695,0.84003,0.67603,0.56718,0.47220,0.09852
1.00000,0.85027,0.84450,0.66609,0.55721,0.46180,0.09533
1.00000,0.85267,0.84781,0.65687,0.55078,0.45243,0.09096
1.00000,0.85459,0.85059,0.64798,0.54498,0.44144,0.08497
1.00000,0.85823,0.85452,0.63909,0.53991,0.43010,0.07881
1.00000,0.86213,0.85837,0.63436,0.53995,0.42291,0.07394
1.00000,0.86620,0.86217,0.63414,0.54545,0.41986,0.07143
1.00000,0.87338,0.86742,0.64065,0.55757,0.42113,0.07210
1.00000,0.88341,0.87384,0.65650,0.57746,0.41939,0.07370
1.00000,0.89488,0.88220,0.68226,0.60593,0.41512,0.07485
1.00000,0.90366,0.88815,0.71803,0.64294,0.41143,0.07601
1.00000,0.90752,0.89004,0.75990,0.68526,0.41125,0.07716
1.00000,0.90850,0.88964,0.78954,0.71594,0.41163,0.07713
1.00000,0.90521,0.88591,0.80497,0.73213,0.40825,0.07432
1.00000,0.89905,0.88224,0.81615,0.74123,0.40485,0.06935
1.00000,0.89299,0.88107,0.82585,0.74506,0.40259,0.06180
1.00000,0.88623,0.87887,0.82816,0.74055,0.39978,0.05294
1.00000,0.87708,0.87308,0.81900,0.72683,0.39927,0.04450
1.00000,0.86804,0.86623,0.80359,0.70914,0.40078,0.03760
1.00000,0.86502,0.86464,0.79349,0.69647,0.40352,0.03280
1.00000,0.86845,0.86845,0.79030,0.68933,0.40859,0.03110
1.00000,0.87209,0.87209,0.78728,0.67948,0.41483,0.02977
1.00000,0.87511,0.87511,0.78091,0.66608,0.42101,0.02875
1.00000,0.87661,0.87661,0.77220,0.65527,0.42672,0.02818
1.00000,0.87956,0.87956,0.76778,0.65084,0.43042,0.02849
1.00000,0.88612,0.88612,0.76942,0.64916,0.43243,0.02901
1.00000,0.89064,0.89064,0.76853,0.64370,0.43541,0.02965
1.00000,0.88714,0.88714,0.75878,0.63185,0.43769,0.02943
1.00000,0.87620,0.87620,0.74319,0.61833,0.43763,0.02849
1.00000,0.86086,0.86086,0.72414,0.60570,0.43440,0.02767
1.00000,0.84471,0.84471,0.70261,0.59171,0.42971,0.02759
1.00000,0.82780,0.82780,0.68280,0.57671,0.42575,0.02779
1.00000,0.81173,0.81173,0.66835,0.56423,0.41962,0.02699
1.00000,0.79964,0.79964,0.65970,0.55878,0.41276,0.02508
1.00000,0.79116,0.79116,0.65423,0.55820,0.40477,0.02275
1.00000,0.78529,0.78529,0.64970,0.55654,0.39711,0.01989
1.00000,0.78250,0.78250,0.64718,0.55436,0.39376,0.01931
1.00000,0.78231,0.78231,0.65001,0.55443,0.39361,0.01934
1.00000,0.78472,0.78472,0.65358,0.55300,0.39757,0.01959
1.00000,0.78785,0.78785,0.64861,0.54473,0.40283,0.02038
1.00000,0.79296,0.79296,0.64045,0.53449,0.41007,0.02152
1.00000,0.80115,0.80115,0.63601,0.52887,0.41979,0.02422
1.00000,0.80712,0.80712,0.63327,0.52696,0.42874,0.02668
1.00000,0.81171,0.81171,0.63139,0.52951,0.43461,0.02721
1.00000,0.81356,0.81356,0.62931,0.53481,0.43813,0.02721
1.00000,0.81606,0.81606,0.63295,0.54618,0.44273,0.02732
1.00000,0.81704,0.81704,0.64489,0.56238,0.44458,0.02812
1.00000,0.81823,0.81823,0.66582,0.58247,0.44342,0.02870
1.00000,0.82350,0.82350,0.69157,0.60484,0.44360,0.03032
1.00000,0.82981,0.82981,0.71514,0.62085,0.44274,0.03358
1.00000,0.84024,0.84024,0.73896,0.63447,0.44409,0.03982
1.00000,0.85227,0.85227,0.76075,0.65327,0.45298,0.04949
1.00000,0.85968,0.85968,0.77507,0.66820,0.46223,0.06076
1.00000,0.86242,0.86242,0.78160,0.67352,0.46653,0.07193
1.00000,0.84828,0.84828,0.76745,0.66251,0.46409,0.07898
1.00000,0.81780,0.81780,0.73547,0.63499,0.45487,0.07985
1.00000,0.77375,0.77375,0.69030,0.59558,0.43964,0.07472
1.00000,0.71661,0.71661,0.63406,0.54829,0.41944,0.06499
1.00000,0.66656,0.66656,0.58581,0.50465,0.40108,0.05260
1.00000,0.65625,0.65625,0.56818,0.48049,0.39899,0.03938
1.00000,0.64142,0.64142,0.54307,0.44487,0.38937,0.02532
1.00000,0.62797,0.62797,0.52238,0.41110,0.37774,0.01505
1.00000,0.63269,0.63269,0.52221,0.39440,0.37201,0.01290
1.00000,0.65442,0.65442,0.53781,0.39364,0.37434,0.01732
1.00000,0.68166,0.68166,0.55551,0.39877,0.37921,0.02296
1.00000,0.68823,0.68823,0.55600,0.39541,0.37309,0.02695
1.00000,0.69795,0.69795,0.56368,0.40167,0.37127,0.03135
1.00000,0.71407,0.71407,0.58257,0.42164,0.37785,0.03824
1.00000,0.73069,0.73069,0.60534,0.45123,0.39115,0.04651
1.00000,0.74959,0.74959,0.63047,0.48275,0.40639,0.05300
1.00000,0.77220,0.77220,0.65995,0.51578,0.42556,0.05752
1.00000,0.79154,0.79154,0.68996,0.54885,0.44371,0.06273
1.00000,0.80837,0.80837,0.72011,0.58042,0.45644,0.07022
1.00000,0.82548,0.82548,0.74927,0.61111,0.46844,0.07693
1.00000,0.83653,0.83653,0.77043,0.63300,0.47721,0.07838
1.00000,0.83761,0.83761,0.77799,0.63703,0.47910,0.07515
1.00000,0.83199,0.83199,0.77486,0.62860,0.47547,0.06989
1.00000,0.82384,0.82384,0.76562,0.61532,0.47020,0.06615
1.00000,0.81292,0.81292,0.75158,0.59919,0.46163,0.06475
1.00000,0.80041,0.80041,0.73560,0.58400,0.45047,0.06315
1.00000,0.79100,0.79100,0.72226,0.57166,0.44280,0.06170
1.00000,0.78618,0.78618,0.71267,0.56320,0.43915,0.06020
1.00000,0.78786,0.78786,0.70894,0.56240,0.43666,0.05818
1.00000,0.79395,0.79395,0.70795,0.56491,0.43444,0.05554
1.00000,0.80448,0.80448,0.71043,0.57117,0.43313,0.05183
1.00000,0.81932,0.81932,0.71630,0.58005,0.43184,0.04765
1.00000,0.83449,0.83449,0.72383,0.59048,0.43102,0.04426
1.00000,0.84760,0.84760,0.73195,0.60127,0.43313,0.04375
1.00000,0.85827,0.85827,0.73968,0.60760,0.43716,0.04684
1.00000,0.86485,0.86485,0.74488,0.60662,0.44154,0.05140
1.00000,0.87055,0.86828,0.75001,0.60505,0.44843,0.05753
1.00000,0.87719,0.86375,0.75117,0.60404,0.45503,0.06301
1.00000,0.88210,0.84814,0.74737,0.60190,0.45837,0.06602
1.00000,0.88583,0.82710,0.73890,0.59525,0.45806,0.06697
1.00000,0.88722,0.80778,0.72879,0.58638,0.45760,0.06578
1.00000,0.88476,0.78435,0.71041,0.57099,0.45061,0.06159
1.00000,0.88265,0.75904,0.68663,0.55255,0.43911,0.05827
1.00000,0.88489,0.74005,0.66949,0.53990,0.43214,0.05884
1.00000,0.88897,0.73398,0.66310,0.53423,0.43041,0.06274
1.00000,0.89143,0.72558,0.65362,0.52357,0.42640,0.06646
1.00000,0.89327,0.71810,0.64680,0.51488,0.42693,0.07101
1.00000,0.89800,0.71466,0.64583,0.51194,0.43089,0.07678
1.00000,0.90743,0.71657,0.65441,0.51731,0.43525,0.08177
1.00000,0.91736,0.71274,0.66111,0.52047,0.43519,0.08356
1.00000,0.92111,0.71092,0.67078,0.52655,0.43860,0.08385
1.00000,0.91970,0.71419,0.68429,0.53766,0.44592,0.08303
1.00000,0.91711,0.71428,0.69033,0.54272,0.44774,0.08056
1.00000,0.91580,0.71454,0.69147,0.54126,0.44478,0.07810
1.00000,0.91436,0.71295,0.68641,0.53378,0.43822,0.07564
1.00000,0.91188,0.70704,0.67381,0.52078,0.43106,0.07133
1.00000,0.91243,0.69828,0.65912,0.50689,0.42677,0.06640
1.00000,0.91690,0.68645,0.64436,0.49481,0.42287,0.06291
1.00000,0.92273,0.67947,0.63593,0.48857,0.42185,0.05957
1.00000,0.92661,0.67324,0.63022,0.48616,0.42142,0.05681
1.00000,0.93035,0.66657,0.62684,0.48925,0.42205,0.05591
1.00000,0.93473,0.66173,0.62684,0.49691,0.42207,0.05500
1.00000,0.93613,0.65921,0.62793,0.50295,0.41847,0.05242
1.00000,0.93209,0.65613,0.62421,0.50385,0.41016,0.04957
1.00000,0.92599,0.65422,0.62024,0.50454,0.40221,0.04931
1.00000,0.92312,0.65580,0.61915,0.50575,0.40005,0.05048
1.00000,0.92241,0.65736,0.61831,0.50531,0.40159,0.05138
1.00000,0.92231,0.65769,0.61553,0.50319,0.40488,0.05056
1.00000,0.92109,0.65450,0.60821,0.49666,0.40772,0.04808
1.00000,0.91929,0.65050,0.60073,0.49004,0.41261,0.04509
1.00000,0.91855,0.64775,0.59638,0.48573,0.41908,0.04278
1.00000,0.92005,0.64857,0.59574,0.48394,0.42411,0.04278
1.00000,0.92110,0.65112,0.59618,0.48452,0.42580,0.04266
1.00000,0.91754,0.66225,0.60330,0.49205,0.43061,0.04276
1.00000,0.90835,0.67807,0.61407,0.50289,0.43639,0.04402
1.00000,0.89737,0.68997,0.62062,0.50995,0.43975,0.04686
1.00000,0.88753,0.70430,0.62820,0.51829,0.44204,0.04954
1.00000,0.87698,0.71109,0.62964,0.52118,0.43607,0.04688
1.00000,0.85863,0.72163,0.63224,0.52196,0.43313,0.04235
1.00000,0.83659,0.73781,0.63496,0.52179,0.43676,0.03645
1.00000,0.82530,0.75872,0.64131,0.52468,0.44303,0.02907
1.00000,0.81855,0.78013,0.64640,0.52532,0.44471,0.02158
1.00000,0.81416,0.79241,0.64506,0.52016,0.43982,0.01583
1.00000,0.81637,0.80608,0.64624,0.52011,0.44144,0.01586
1.00000,0.81871,0.81680,0.64137,0.51919,0.44414,0.02034
1.00000,0.82059,0.82059,0.62986,0.51436,0.44055,0.02449
1.00000,0.83160,0.83160,0.63082,0.51836,0.44189,0.02811
1.00000,0.84395,0.84395,0.64198,0.52844,0.44896,0.03171
1.00000,0.85438,0.85438,0.65811,0.54064,0.46050,0.03667
1.00000,0.87013,0.82031,0.64000,0.52378,0.45017,0.03967
1.00000,0.88437,0.78806,0.62218,0.50569,0.43951,0.03976
1.00000,0.89276,0.76597,0.61589,0.49514,0.43584,0.03798
1.00000,0.89592,0.73934,0.61352,0.48807,0.43582,0.03791
1.00000,0.89746,0.70060,0.60189,0.47710,0.42928,0.03938
1.00000,0.89840,0.67304,0.59115,0.46813,0.42091,0.04295
1.00000,0.89499,0.67296,0.59686,0.47175,0.42246,0.04697
1.00000,0.89298,0.66950,0.59973,0.47464,0.42256,0.05100
1.00000,0.89248,0.66327,0.60242,0.48116,0.42638,0.05672
1.00000,0.89358,0.65410,0.60328,0.48824,0.43195,0.06375
1.00000,0.89443,0.64200,0.59860,0.48806,0.43144,0.07007
1.00000,0.89340,0.63078,0.59020,0.48164,0.42539,0.07255
1.00000,0.89097,0.62061,0.58067,0.47472,0.41969,0.07251
1.00000,0.88883,0.60898,0.56892,0.46787,0.41265,0.07076
1.00000,0.88909,0.59797,0.55757,0.46122,0.40393,0.06729
1.00000,0.89427,0.59016,0.54963,0.45406,0.39386,0.06220
1.00000,0.90363,0.58692,0.54649,0.44805,0.38567,0.05693
1.00000,0.91462,0.58694,0.54696,0.44431,0.38028,0.05498
1.00000,0.92425,0.59068,0.55082,0.44620,0.38037,0.05634
1.00000,0.93296,0.59543,0.55700,0.45136,0.38327,0.05785
1.00000,0.93687,0.59742,0.55959,0.45256,0.38455,0.05827
1.00000,0.93623,0.60080,0.56011,0.45195,0.38778,0.05777
1.00000,0.93131,0.60388,0.55916,0.45047,0.39394,0.05687
1.00000,0.92135,0.60235,0.55539,0.44561,0.39618,0.05459
1.00000,0.91079,0.59948,0.55274,0.44147,0.39805,0.05426
1.00000,0.90308,0.60001,0.55392,0.44162,0.40013,0.05561
1.00000,0.89905,0.60353,0.55755,0.44488,0.40130,0.05731
1.00000,0.89657,0.60691,0.56043,0.44745,0.39984,0.05867
1.00000,0.89263,0.60951,0.56344,0.44981,0.39643,0.06033
1.00000,0.88564,0.61376,0.56813,0.45381,0.39163,0.06198
1.00000,0.87484,0.61662,0.56951,0.45751,0.38571,0.06258
1.00000,0.86409,0.61898,0.56649,0.46008,0.37969,0.06080
1.00000,0.85327,0.63094,0.56812,0.46606,0.37998,0.05635
1.00000,0.83869,0.63904,0.56591,0.46595,0.37994,0.05058
1.00000,0.82558,0.63831,0.55424,0.45592,0.37634,0.04468
1.00000,0.81559,0.63846,0.54305,0.44713,0.37597,0.04091
1.00000,0.80388,0.65233,0.54680,0.45178,0.38668,0.04035
1.00000,0.80049,0.66646,0.55370,0.45965,0.39972,0.04172
1.00000,0.81388,0.65535,0.54191,0.45129,0.39754,0.04506
1.00000,0.82713,0.64710,0.53261,0.44452,0.39571,0.05059
1.00000,0.84001,0.63995,0.52380,0.43859,0.39372,0.05645
1.00000,0.85041,0.64627,0.52753,0.44572,0.39981,0.06363
1.00000,0.85971,0.67731,0.55125,0.47285,0.41907,0.07270
1.00000,0.87200,0.71344,0.56885,0.49586,0.43043,0.07933
1.00000,0.88223,0.74673,0.57551,0.50802,0.43434,0.08144
1.00000,0.88354,0.77197,0.57639,0.51111,0.43684,0.07957
1.00000,0.87500,0.79726,0.57736,0.51066,0.43846,0.07470
1.00000,0.86407,0.82007,0.58124,0.51026,0.44043,0.06756
1.00000,0.85245,0.82783,0.58474,0.50890,0.44070,0.06180
1.00000,0.83302,0.81963,0.58339,0.50257,0.43852,0.05734
1.00000,0.80473,0.79903,0.57794,0.48943,0.43639,0.05393
1.00000,0.77598,0.77467,0.58175,0.48266,0.44271,0.05679
1.00000,0.75410,0.75287,0.59279,0.48528,0.45589,0.06675
1.00000,0.73663,0.73409,0.60509,0.49278,0.46948,0.07880
1.00000,0.71859,0.71522,0.61671,0.49970,0.47897,0.08953
1.00000,0.70358,0.69993,0.62897,0.50593,0.48499,0.09915
1.00000,0.69973,0.69604,0.64179,0.51247,0.48482,0.10379
1.00000,0.70399,0.70030,0.65252,0.51808,0.47591,0.10019
1.00000,0.71189,0.70847,0.65929,0.52317,0.46312,0.09115
1.00000,0.72127,0.71828,0.66024,0.52587,0.45117,0.07880
1.00000,0.73517,0.73090,0.66170,0.53023,0.44101,0.06471
1.00000,0.75554,0.74583,0.66725,0.53873,0.43587,0.05109
1.00000,0.77525,0.75569,0.66899,0.54532,0.43448,0.03833
1.00000,0.78997,0.75846,0.66768,0.55137,0.43412,0.02878
1.00000,0.80048,0.75511,0.66615,0.55562,0.43957,0.02570
1.00000,0.81197,0.75002,0.66842,0.56042,0.45250,0.02944
1.00000,0.81882,0.74614,0.67381,0.56538,0.46471,0.03562
1.00000,0.80987,0.74281,0.67923,0.56759,0.46893,0.04126
1.00000,0.78884,0.73178,0.67441,0.56004,0.46207,0.04557
1.00000,0.76788,0.72097,0.66412,0.54730,0.45572,0.05092
1.00000,0.75147,0.71379,0.65452,0.53725,0.45351,0.05673
1.00000,0.73933,0.71320,0.64683,0.53169,0.45430,0.06359
1.00000,0.73125,0.71863,0.63711,0.52461,0.45177,0.06886
1.00000,0.72946,0.72410,0.62375,0.51482,0.44395,0.07264
1.00000,0.73086,0.72886,0.61334,0.50598,0.43783,0.07440
1.00000,0.73427,0.73391,0.60989,0.50168,0.43703,0.07754
1.00000,0.73699,0.73699,0.60655,0.49675,0.43703,0.08210
1.00000,0.73722,0.73722,0.60231,0.49072,0.43416,0.08514
1.00000,0.73832,0.73832,0.60442,0.49146,0.43458,0.08718
1.00000,0.74157,0.74157,0.61386,0.49892,0.43988,0.08834
1.00000,0.74827,0.74827,0.62878,0.51140,0.45080,0.08838
1.00000,0.76042,0.76042,0.64560,0.52671,0.46546,0.08894
1.00000,0.77992,0.77280,0.65513,0.53732,0.47649,0.08919
1.00000,0.80757,0.77666,0.65518,0.54139,0.47987,0.09015
1.00000,0.83478,0.77977,0.65913,0.54594,0.48565,0.09184
1.00000,0.86027,0.78163,0.66381,0.54792,0.49096,0.09095
1.00000,0.87459,0.77446,0.65995,0.54128,0.48891,0.08563
1.00000,0.87926,0.75672,0.64772,0.52567,0.47646,0.07869
1.00000,0.88490,0.73735,0.63620,0.51015,0.46290,0.07410
1.00000,0.89117,0.72326,0.62961,0.50138,0.45461,0.07103
1.00000,0.89646,0.71056,0.62222,0.49563,0.44737,0.06772
1.00000,0.90117,0.69819,0.61353,0.49123,0.44046,0.06529
1.00000,0.90783,0.68820,0.60510,0.48773,0.43521,0.06424
1.00000,0.91762,0.68239,0.59889,0.48551,0.43072,0.06491
1.00000,0.92596,0.67613,0.59322,0.48397,0.42649,0.06703
1.00000,0.93016,0.67592,0.59380,0.48887,0.42846,0.06876
1.00000,0.93131,0.68114,0.59902,0.49817,0.43408,0.06949
1.00000,0.93079,0.67956,0.59600,0.49755,0.43079,0.06769
1.00000,0.92805,0.67928,0.59155,0.49186,0.42415,0.06643
1.00000,0.92277,0.68036,0.58629,0.48222,0.41590,0.06517
1.00000,0.91790,0.68452,0.58206,0.47193,0.40816,0.06278
1.00000,0.91827,0.68666,0.57758,0.46203,0.40090,0.06086
1.00000,0.92303,0.68861,0.57792,0.45565,0.39547,0.05877
1.00000,0.92713,0.69174,0.58209,0.45153,0.39139,0.05752
1.00000,0.92906,0.69573,0.58702,0.44961,0.38892,0.05862
1.00000,0.93079,0.69567,0.59034,0.45273,0.38971,0.06029
1.00000,0.93469,0.69564,0.59446,0.46181,0.39478,0.06100
1.00000,0.93839,0.69697,0.59796,0.47202,0.39764,0.06001
1.00000,0.93866,0.69781,0.59843,0.48140,0.39920,0.05993
1.00000,0.93580,0.69562,0.59149,0.48451,0.39932,0.05994
1.00000,0.93084,0.69028,0.58075,0.48477,0.40008,0.05993
1.00000,0.92546,0.68859,0.57593,0.48898,0.40244,0.06042
1.00000,0.92205,0.69145,0.57887,0.49425,0.40266,0.06038
1.00000,0.92024,0.69579,0.58379,0.49713,0.40154,0.06072
1.00000,0.91912,0.69993,0.58819,0.49695,0.40080,0.06285
1.00000,0.91832,0.70325,0.59370,0.50155,0.40491,0.06702
1.00000,0.91761,0.71333,0.60556,0.51039,0.41369,0.07066
1.00000,0.91674,0.72529,0.61897,0.51805,0.42064,0.07123
1.00000,0.91357,0.73470,0.62937,0.52342,0.42851,0.06927
1.00000,0.90761,0.74274,0.63487,0.52455,0.43630,0.06501
1.00000,0.89722,0.75215,0.63923,0.52612,0.44380,0.05996
1.00000,0.88195,0.75518,0.63591,0.52176,0.44311,0.05444
1.00000,0.86201,0.76302,0.63680,0.51843,0.43919,0.04848
1.00000,0.84599,0.77671,0.64400,0.52134,0.43553,0.04172
1.00000,0.83704,0.79327,0.65427,0.52823,0.42824,0.03400
1.00000,0.83059,0.81052,0.66793,0.53945,0.41644,0.02656
1.00000,0.82493,0.81983,0.67851,0.54714,0.40591,0.02037
1.00000,0.82549,0.80800,0.67354,0.54123,0.39621,0.01501
1.00000,0.83279,0.79316,0.66903,0.53698,0.39496,0.01154
1.00000,0.84988,0.78227,0.66949,0.53767,0.39946,0.01112
1.00000,0.86980,0.76691,0.66659,0.53665,0.40503,0.01441
1.00000,0.88532,0.74826,0.65849,0.53299,0.41435,0.02208
1.00000,0.89758,0.72397,0.64285,0.52399,0.42406,0.03246
1.00000,0.90987,0.69800,0.62520,0.51453,0.42704,0.04225
1.00000,0.91798,0.67496,0.60558,0.50408,0.41677,0.04802
1.00000,0.91783,0.65382,0.58313,0.48907,0.39546,0.04893
1.00000,0.91028,0.63539,0.56215,0.47161,0.37393,0.04709
1.00000,0.90075,0.62774,0.55059,0.45998,0.36323,0.04490
1.00000,0.89373,0.62245,0.54336,0.45139,0.35763,0.04236
1.00000,0.88874,0.61412,0.53553,0.44306,0.35283,0.03995
1.00000,0.88364,0.60636,0.52889,0.43706,0.35233,0.04000
1.00000,0.87867,0.59982,0.52352,0.43278,0.35638,0.04188
1.00000,0.87696,0.59457,0.52047,0.42914,0.36274,0.04484
1.00000,0.88046,0.59093,0.52117,0.42737,0.36897,0.04974
1.00000,0.88790,0.58742,0.52315,0.42645,0.37170,0.05487
1.00000,0.89597,0.58875,0.52808,0.42695,0.37133,0.05806
1.00000,0.89994,0.59037,0.53087,0.42450,0.36651,0.05926
1.00000,0.89992,0.58819,0.53040,0.41874,0.35942,0.05914
1.00000,0.89772,0.58616,0.53150,0.41573,0.35644,0.05957
1.00000,0.89383,0.58539,0.53389,0.41776,0.36018,0.06184
1.00000,0.88889,0.58505,0.53504,0.42298,0.36654,0.06494
1.00000,0.87991,0.58402,0.53374,0.42861,0.36904,0.06491
1.00000,0.86635,0.58144,0.53012,0.43220,0.36786,0.06216
1.00000,0.85453,0.58153,0.52708,0.43696,0.36938,0.06014
1.00000,0.84702,0.58525,0.52734,0.44546,0.37402,0.05867
1.00000,0.84248,0.59046,0.52894,0.45379,0.37682,0.05624
1.00000,0.83917,0.59985,0.53593,0.46362,0.37847,0.05357
1.00000,0.83797,0.60885,0.54351,0.46997,0.37694,0.05119
1.00000,0.83541,0.61690,0.54648,0.46947,0.37479,0.04827
1.00000,0.83036,0.62374,0.54607,0.46516,0.37457,0.04755
1.00000,0.82517,0.62824,0.54671,0.46230,0.37619,0.04999
1.00000,0.81874,0.62874,0.54819,0.45929,0.37587,0.05216
1.00000,0.80947,0.62783,0.54927,0.45281,0.37281,0.05134
1.00000,0.80044,0.62677,0.54910,0.44366,0.37080,0.04955
1.00000,0.79171,0.61940,0.54261,0.43221,0.36890,0.04834
1.00000,0.78272,0.61119,0.53480,0.42445,0.36896,0.04630
1.00000,0.77537,0.60971,0.53385,0.42587,0.37256,0.04293
1.00000,0.76861,0.61268,0.53689,0.43056,0.37528,0.03769
1.00000,0.76870,0.59774,0.52189,0.41845,0.36372,0.02873
1.00000,0.77229,0.58664,0.50906,0.40869,0.35297,0.02122
1.00000,0.78072,0.58121,0.50282,0.40842,0.34630,0.01793
1.00000,0.78852,0.58207,0.50472,0.41594,0.34480,0.01859
1.00000,0.79881,0.58884,0.51433,0.42625,0.34798,0.02051
1.00000,0.81469,0.60190,0.53300,0.44133,0.35802,0.02465
1.00000,0.83124,0.61733,0.55578,0.45758,0.37254,0.03172
1.00000,0.84500,0.63415,0.57871,0.47277,0.38565,0.03911
1.00000,0.85678,0.65319,0.60246,0.48831,0.39683,0.04650
1.00000,0.86625,0.67219,0.62651,0.50270,0.40957,0.05381
1.00000,0.87235,0.68882,0.64640,0.51212,0.42265,0.05902
1.00000,0.87466,0.70252,0.66040,0.51739,0.43287,0.06295
1.00000,0.87383,0.71635,0.67094,0.52303,0.44069,0.06685
1.00000,0.87115,0.73419,0.68386,0.53311,0.45156,0.07014
1.00000,0.87347,0.75528,0.70105,0.54918,0.47062,0.07433
1.00000,0.88237,0.78216,0.72548,0.57475,0.50078,0.07806
1.00000,0.89420,0.81544,0.75582,0.60994,0.53498,0.07985
1.00000,0.89574,0.84749,0.77873,0.63194,0.55760,0.07765
1.00000,0.87622,0.86484,0.78283,0.63102,0.55374,0.06800
1.00000,0.84740,0.84680,0.75408,0.60534,0.52686,0.05381
1.00000,0.82127,0.82106,0.72047,0.57247,0.49934,0.03878
1.00000,0.79762,0.79759,0.68925,0.53446,0.48204,0.02937
1.00000,0.78114,0.78114,0.67609,0.51696,0.45886,0.03191
1.00000,0.76937,0.76937,0.67568,0.51339,0.44567,0.04892
1.00000,0.76409,0.76409,0.68343,0.51994,0.44515,0.07242
1.00000,0.77075,0.77075,0.70464,0.53814,0.45532,0.09619
1.00000,0.78995,0.78995,0.74154,0.56480,0.47315,0.12333
1.00000,0.81420,0.81420,0.78461,0.59300,0.49617,0.15489
1.00000,0.83643,0.83643,0.82210,0.61891,0.52048,0.18479
1.00000,0.84915,0.84915,0.84353,0.63411,0.53773,0.20302
1.00000,0.85304,0.85304,0.84837,0.63605,0.54352,0.20703
1.00000,0.85102,0.85102,0.83770,0.62585,0.53625,0.19893
1.00000,0.84098,0.84098,0.81209,0.61054,0.52455,0.18748
1.00000,0.82398,0.82398,0.77530,0.59189,0.50546,0.17567
1.00000,0.80339,0.80339,0.73181,0.57077,0.47782,0.15842
1.00000,0.78216,0.78216,0.68726,0.54703,0.44635,0.13536
1.00000,0.76314,0.76314,0.64863,0.52668,0.41692,0.11312
1.00000,0.74794,0.74794,0.61938,0.51143,0.39407,0.09381
1.00000,0.73670,0.73670,0.59883,0.49815,0.37759,0.07693
1.00000,0.73131,0.73131,0.58872,0.49028,0.37384,0.06408
1.00000,0.72968,0.72968,0.58400,0.48895,0.37795,0.05583
1.00000,0.72936,0.72936,0.58258,0.49209,0.38353,0.04997
1.00000,0.73030,0.73030,0.58707,0.50178,0.39121,0.04510
1.00000,0.73383,0.73383,0.59675,0.51587,0.39853,0.04172
1.00000,0.73829,0.73829,0.60647,0.52806,0.39993,0.03798
1.00000,0.74576,0.74576,0.61794,0.53954,0.39647,0.03582
1.00000,0.75662,0.75662,0.63575,0.55512,0.39444,0.03732
1.00000,0.76845,0.76845,0.65907,0.57195,0.39669,0.04001
1.00000,0.77809,0.77809,0.67956,0.58311,0.40150,0.04223
1.00000,0.78642,0.78642,0.69174,0.58540,0.40380,0.04320
1.00000,0.79943,0.79943,0.69986,0.58566,0.40569,0.04259
1.00000,0.81762,0.81762,0.70654,0.59044,0.40991,0.04271
1.00000,0.83857,0.83831,0.71307,0.59795,0.41925,0.04369
1.00000,0.85751,0.85620,0.71562,0.60159,0.43149,0.04558
1.00000,0.87159,0.86899,0.70942,0.59770,0.43713,0.04620
1.00000,0.88335,0.87996,0.69764,0.58997,0.43503,0.04563
1.00000,0.89115,0.88752,0.68549,0.58392,0.43279,0.04761
1.00000,0.89328,0.88966,0.67371,0.57634,0.43036,0.05109
1.00000,0.89175,0.88816,0.66180,0.56517,0.42704,0.05390
1.00000,0.88716,0.88384,0.65074,0.55248,0.42103,0.05548
1.00000,0.88101,0.87848,0.64355,0.54465,0.41492,0.05592
1.00000,0.87334,0.87205,0.63884,0.54169,0.40955,0.05660
1.00000,0.86686,0.86660,0.63650,0.54226,0.40461,0.05655
1.00000,0.86243,0.86243,0.63860,0.54689,0.40293,0.05580
1.00000,0.85660,0.85660,0.64173,0.55228,0.40242,0.05376
1.00000,0.84904,0.84904,0.64523,0.55640,0.40218,0.05008
1.00000,0.83975,0.83975,0.64893,0.55907,0.40175,0.04785
1.00000,0.83128,0.83128,0.65148,0.55777,0.39857,0.04472
1.00000,0.82965,0.82965,0.65700,0.55904,0.39912,0.04184
1.00000,0.83283,0.83283,0.66751,0.56638,0.40768,0.04063
1.00000,0.83223,0.83223,0.67724,0.57369,0.41784,0.04208
1.00000,0.82857,0.82857,0.68397,0.57835,0.42488,0.04616
1.00000,0.82506,0.82506,0.68902,0.58148,0.42638,0.04983
1.00000,0.82046,0.82046,0.69180,0.58479,0.42600,0.05453
1.00000,0.81337,0.81337,0.69070,0.58841,0.42538,0.05949
1.00000,0.80505,0.80505,0.68573,0.58846,0.42505,0.06445
1.00000,0.79683,0.79683,0.67586,0.58318,0.42256,0.06941
1.00000,0.79222,0.79222,0.66375,0.57617,0.42046,0.07349
1.00000,0.79100,0.79100,0.64922,0.56632,0.42114,0.07627
1.00000,0.79276,0.79276,0.63508,0.55166,0.42160,0.07771
1.00000,0.79775,0.79775,0.62367,0.53639,0.42255,0.07912
1.00000,0.80528,0.80528,0.61730,0.52258,0.42075,0.07911
1.00000,0.81186,0.81186,0.61522,0.50837,0.41550,0.07610
1.00000,0.81217,0.81217,0.61320,0.49213,0.40512,0.07059
1.00000,0.80578,0.80578,0.60920,0.47598,0.39328,0.06476
1.00000,0.79281,0.79281,0.60040,0.45898,0.38183,0.05732
1.00000,0.77269,0.77269,0.58565,0.44364,0.37068,0.04894
1.00000,0.74986,0.74986,0.57131,0.43445,0.36440,0.04420
1.00000,0.72788,0.72788,0.55747,0.42912,0.36171,0.04228
1.00000,0.72455,0.72455,0.55798,0.42933,0.36278,0.04352
1.00000,0.72612,0.72612,0.56268,0.42990,0.36234,0.04596
1.00000,0.72633,0.72633,0.56900,0.43411,0.36272,0.05004
1.00000,0.73178,0.73178,0.58201,0.44689,0.36606,0.05522
1.00000,0.74303,0.74303,0.60138,0.46341,0.36633,0.05720
1.00000,0.76368,0.76368,0.62783,0.48277,0.36771,0.05817
1.00000,0.78450,0.78450,0.64673,0.50308,0.37270,0.05819
1.00000,0.79886,0.79886,0.65224,0.52327,0.38233,0.05774
1.00000,0.81152,0.81152,0.65338,0.54087,0.39340,0.05813
1.00000,0.82487,0.82487,0.65267,0.55408,0.40320,0.05915
1.00000,0.83633,0.83633,0.64759,0.55965,0.40978,0.06025
1.00000,0.84119,0.84119,0.64226,0.55886,0.41334,0.06003
1.00000,0.84101,0.84101,0.64322,0.55993,0.41447,0.05957
1.00000,0.83906,0.83906,0.65036,0.56506,0.41373,0.05688
1.00000,0.83584,0.83584,0.66108,0.57160,0.41183,0.05115
1.00000,0.83562,0.83562,0.67706,0.58228,0.40931,0.04327
1.00000,0.83954,0.83954,0.70040,0.60282,0.40957,0.03773
1.00000,0.84793,0.84793,0.73204,0.63599,0.41558,0.03596
1.00000,0.85946,0.85946,0.76830,0.67568,0.42464,0.03678
1.00000,0.87226,0.87226,0.79742,0.70498,0.44169,0.04173
1.00000,0.87993,0.87993,0.80920,0.71027,0.47276,0.04728
1.00000,0.88143,0.88143,0.80945,0.70127,0.49526,0.05228
1.00000,0.87697,0.87697,0.79390,0.67759,0.49976,0.05788
1.00000,0.86938,0.86938,0.76440,0.64229,0.49276,0.06145
1.00000,0.85485,0.85485,0.71784,0.58850,0.48444,0.06276
1.00000,0.83731,0.83731,0.66681,0.53004,0.47124,0.06074
1.00000,0.82695,0.82695,0.63671,0.49848,0.44100,0.05770
1.00000,0.82188,0.82188,0.62176,0.48187,0.41344,0.05619
1.00000,0.82275,0.82275,0.61802,0.47677,0.39395,0.05487
1.00000,0.82650,0.82650,0.62249,0.48225,0.38518,0.05337
1.00000,0.82946,0.82946,0.63219,0.49446,0.38285,0.05151
1.00000,0.82861,0.82861,0.64067,0.50492,0.38086,0.04958
1.00000,0.82414,0.82414,0.64719,0.51287,0.37891,0.04847
1.00000,0.82041,0.82041,0.65440,0.52316,0.38024,0.04847
1.00000,0.81340,0.81340,0.65671,0.53046,0.38001,0.04686
1.00000,0.80055,0.80055,0.64922,0.52940,0.37723,0.04438
1.00000,0.78597,0.78597,0.63828,0.52472,0.37297,0.04236
1.00000,0.77605,0.77605,0.63345,0.52298,0.36837,0.04128
1.00000,0.77372,0.77372,0.63673,0.52609,0.36464,0.03887
1.00000,0.77648,0.77648,0.64591,0.53388,0.36432,0.03456
1.00000,0.78310,0.78310,0.65732,0.54629,0.36921,0.03115
1.00000,0.79148,0.79148,0.66582,0.55939,0.37315,0.02734
1.00000,0.80357,0.80357,0.67731,0.57528,0.37607,0.02483
1.00000,0.82117,0.82117,0.69385,0.59707,0.38090,0.02385
1.00000,0.84091,0.84091,0.70955,0.61755,0.38400,0.02316
1.00000,0.85795,0.85795,0.71653,0.62831,0.38330,0.02268
1.00000,0.87100,0.87100,0.71707,0.63091,0.38418,0.02246
1.00000,0.88147,0.88147,0.71602,0.62751,0.38839,0.02391
1.00000,0.89043,0.89043,0.71522,0.61697,0.39069,0.02489
1.00000,0.89478,0.89478,0.71553,0.60495,0.39513,0.02609
1.00000,0.89416,0.89416,0.71618,0.59441,0.40291,0.02899
1.00000,0.88975,0.88975,0.71492,0.58182,0.41058,0.03326
1.00000,0.88573,0.88573,0.71828,0.57618,0.42225,0.04146
1.00000,0.88548,0.88548,0.73080,0.58710,0.43708,0.05237
1.00000,0.89019,0.89019,0.75474,0.61544,0.44851,0.06012
1.00000,0.89824,0.89824,0.78762,0.65874,0.44800,0.06037
1.00000,0.90896,0.90896,0.82479,0.70925,0.43975,0.05749
1.00000,0.91970,0.91970,0.86025,0.75664,0.43479,0.05816
1.00000,0.92836,0.92836,0.88967,0.79595,0.43087,0.06069
1.00000,0.93279,0.93279,0.91053,0.82159,0.42088,0.06045
1.00000,0.93277,0.93277,0.91844,0.82583,0.40147,0.05708
1.00000,0.93048,0.92993,0.91540,0.81326,0.38592,0.05548
1.00000,0.92754,0.92401,0.90679,0.79018,0.38451,0.05930
1.00000,0.92592,0.91692,0.89601,0.76693,0.38332,0.06605
1.00000,0.92476,0.90896,0.88150,0.74299,0.37949,0.07105
1.00000,0.92191,0.89995,0.86379,0.71787,0.37729,0.07097
1.00000,0.91859,0.89639,0.85160,0.70226,0.38111,0.06882
1.00000,0.91412,0.89278,0.84028,0.69295,0.38656,0.06710
1.00000,0.90855,0.88686,0.82822,0.68433,0.39241,0.06469
1.00000,0.90128,0.88305,0.81772,0.67426,0.40269,0.06255
1.00000,0.89255,0.88440,0.81309,0.66694,0.41953,0.06211
1.00000,0.88379,0.88379,0.80874,0.65735,0.43985,0.06292
1.00000,0.87754,0.87754,0.80282,0.64469,0.45776,0.06241
1.00000,0.87494,0.87479,0.80143,0.63849,0.46928,0.06091
1.00000,0.87297,0.87297,0.79787,0.63413,0.47382,0.05860
1.00000,0.86897,0.86897,0.78829,0.62693,0.47678,0.05683
1.00000,0.86380,0.86380,0.77505,0.61960,0.48070,0.05599
1.00000,0.85981,0.85981,0.76308,0.61518,0.48007,0.05340
1.00000,0.85675,0.85633,0.75426,0.61002,0.47530,0.05081
1.00000,0.85349,0.85127,0.74612,0.60125,0.47397,0.05303
1.00000,0.85146,0.84294,0.73936,0.59249,0.47698,0.06053
1.00000,0.84856,0.82817,0.72836,0.58137,0.47687,0.06102
1.00000,0.84768,0.81145,0.71600,0.56912,0.47243,0.05611
1.00000,0.84962,0.79710,0.70510,0.55913,0.46541,0.05343
1.00000,0.85234,0.78251,0.69274,0.54913,0.45700,0.05489
1.00000,0.85201,0.76480,0.67884,0.53949,0.44785,0.05773
1.00000,0.84856,0.74381,0.66234,0.52803,0.43695,0.05654
1.00000,0.84367,0.72676,0.64684,0.51827,0.42764,0.05149
1.00000,0.83849,0.71644,0.63505,0.51061,0.41947,0.04612
1.00000,0.83608,0.70974,0.62558,0.50382,0.41183,0.04230
1.00000,0.83357,0.70596,0.62081,0.49962,0.40744,0.04154
1.00000,0.83307,0.70723,0.62305,0.49958,0.40488,0.03860
1.00000,0.83575,0.71101,0.62831,0.50248,0.40164,0.03536
1.00000,0.84182,0.71577,0.63417,0.50822,0.39884,0.03667
1.00000,0.85067,0.73317,0.64902,0.52226,0.39976,0.03975
1.00000,0.85806,0.74888,0.66300,0.53664,0.39974,0.04277
1.00000,0.86301,0.76127,0.67616,0.55153,0.40290,0.04918
1.00000,0.86750,0.77733,0.69304,0.57007,0.41240,0.05778
1.00000,0.87070,0.79121,0.70564,0.58273,0.42235,0.06460
1.00000,0.86818,0.79733,0.70530,0.58207,0.43072,0.06746
1.00000,0.85586,0.78906,0.68945,0.56692,0.43592,0.06557
1.00000,0.83898,0.77828,0.67238,0.55017,0.43835,0.06225
1.00000,0.82201,0.77547,0.66412,0.54070,0.43879,0.05943
1.00000,0.80946,0.77576,0.65854,0.53266,0.43586,0.05657
1.00000,0.80001,0.77679,0.65458,0.52615,0.43280,0.05229
1.00000,0.79327,0.77797,0.65325,0.52574,0.43117,0.04726
1.00000,0.79118,0.78234,0.65713,0.53478,0.42902,0.04101
1.00000,0.79167,0.78804,0.66094,0.54472,0.42165,0.03356
1.00000,0.79231,0.79174,0.65974,0.54893,0.41423,0.02676
1.00000,0.79422,0.79422,0.65650,0.55117,0.41282,0.02258
1.00000,0.79832,0.79142,0.65171,0.55035,0.41472,0.02011
1.00000,0.80364,0.77425,0.63721,0.53813,0.40912,0.01678
1.00000,0.80805,0.75489,0.62179,0.52268,0.39876,0.01669
1.00000,0.81731,0.74065,0.61101,0.50983,0.38934,0.02304
1.00000,0.82978,0.72849,0.60468,0.49897,0.38505,0.03371
1.00000,0.84045,0.71315,0.60186,0.49026,0.38645,0.04634
1.00000,0.84793,0.69454,0.60018,0.48284,0.38956,0.05462
1.00000,0.85391,0.67869,0.59692,0.47447,0.38969,0.05615
1.00000,0.85721,0.66280,0.58622,0.46224,0.38479,0.05365
1.00000,0.85744,0.64668,0.56619,0.44509,0.37695,0.05088
1.00000,0.85716,0.63573,0.54660,0.43018,0.37164,0.04804
1.00000,0.86001,0.63065,0.53221,0.42184,0.36833,0.04293
1.00000,0.86489,0.62969,0.51865,0.41618,0.36261,0.03665
1.00000,0.86846,0.63162,0.50681,0.41301,0.35688,0.03185
1.00000,0.87166,0.63495,0.49531,0.41049,0.35378,0.03107
1.00000,0.87371,0.63783,0.48308,0.40745,0.35358,0.03386
1.00000,0.87356,0.64209,0.47538,0.40698,0.35830,0.03828
1.00000,0.87229,0.64278,0.47205,0.40819,0.36257,0.04276
1.00000,0.87123,0.64254,0.47518,0.41278,0.36436,0.04686
1.00000,0.87309,0.64600,0.48677,0.42338,0.36703,0.05063
1.00000,0.87733,0.65448,0.50602,0.44007,0.37497,0.05360
1.00000,0.88361,0.66157,0.52170,0.45352,0.38321,0.05609
1.00000,0.88771,0.66704,0.53668,0.46456,0.39029,0.05776
1.00000,0.89022,0.67266,0.55522,0.47585,0.39696,0.05802
1.00000,0.89134,0.67574,0.57236,0.48521,0.40621,0.05805
1.00000,0.88809,0.67516,0.57957,0.48776,0.41600,0.05813
1.00000,0.88109,0.67413,0.57995,0.48670,0.42696,0.05853
1.00000,0.87153,0.67651,0.58344,0.48989,0.43510,0.05875
1.00000,0.86125,0.67867,0.58559,0.49287,0.43419,0.05911
1.00000,0.85025,0.68349,0.58731,0.49541,0.43078,0.05899
1.00000,0.84100,0.69026,0.58974,0.50005,0.42614,0.05688
1.00000,0.83543,0.70081,0.59426,0.50661,0.41823,0.05249
1.00000,0.83091,0.71315,0.59906,0.51145,0.40987,0.04622
1.00000,0.82733,0.71840,0.59569,0.50811,0.39878,0.03929
1.00000,0.82358,0.71300,0.58588,0.49841,0.38783,0.03498
1.00000,0.82155,0.70146,0.57486,0.48736,0.38077,0.03342
1.00000,0.82151,0.69060,0.56979,0.48153,0.37833,0.03278
1.00000,0.82246,0.68067,0.56692,0.47912,0.37953,0.03335
1.00000,0.82112,0.67026,0.56237,0.47699,0.38115,0.03433
1.00000,0.82056,0.65990,0.55711,0.47349,0.37945,0.03354
1.00000,0.82511,0.65663,0.55969,0.47493,0.37861,0.03204
1.00000,0.83423,0.66756,0.57343,0.48371,0.38232,0.03269
1.00000,0.84309,0.68693,0.59147,0.49479,0.38937,0.03565
1.00000,0.84863,0.70499,0.60635,0.50484,0.39568,0.03865
1.00000,0.85478,0.72564,0.62322,0.51869,0.40199,0.04123
1.00000,0.86281,0.75714,0.65130,0.54320,0.41618,0.04608
1.00000,0.87325,0.78826,0.68227,0.56958,0.43221,0.05460
1.00000,0.88446,0.81402,0.70915,0.59081,0.44445,0.06659
1.00000,0.88875,0.83586,0.73343,0.60882,0.45402,0.07832
1.00000,0.88631,0.85028,0.75357,0.62373,0.46492,0.08848
1.00000,0.87768,0.85910,0.77286,0.63750,0.48263,0.09882
1.00000,0.86029,0.85665,0.78051,0.64052,0.49987,0.10972
1.00000,0.84054,0.84054,0.77085,0.62824,0.50947,0.11754
1.00000,0.82219,0.82219,0.75547,0.61227,0.51161,0.11794
1.00000,0.80618,0.80618,0.73462,0.59591,0.50593,0.11220
1.00000,0.79198,0.79198,0.70749,0.57751,0.49485,0.10302
1.00000,0.78153,0.78153,0.67852,0.55821,0.47807,0.09083
1.00000,0.77916,0.77916,0.65529,0.54111,0.45567,0.07801
1.00000,0.78434,0.78434,0.64022,0.52503,0.42888,0.06239
1.00000,0.79638,0.78677,0.62708,0.50614,0.40101,0.04746
1.00000,0.81312,0.77411,0.60724,0.47698,0.37064,0.03790
1.00000,0.82777,0.75864,0.59127,0.44406,0.34703,0.03461
1.00000,0.84304,0.74308,0.58668,0.41844,0.33778,0.03547
1.00000,0.86005,0.73088,0.59184,0.40459,0.33983,0.03642
1.00000,0.87769,0.71709,0.59691,0.39280,0.34252,0.03783
1.00000,0.89480,0.69688,0.59327,0.37764,0.34287,0.04056
1.00000,0.90683,0.67944,0.58665,0.36821,0.34692,0.04453
1.00000,0.91488,0.66891,0.58171,0.37041,0.35586,0.04825
1.00000,0.91995,0.66089,0.57845,0.38243,0.36770,0.04833
1.00000,0.91754,0.64572,0.57084,0.39887,0.37978,0.04627
1.00000,0.91101,0.62767,0.56250,0.41386,0.39017,0.04522
1.00000,0.90437,0.60982,0.55460,0.42552,0.39874,0.04676
1.00000,0.89783,0.59219,0.54635,0.43470,0.40581,0.05051
1.00000,0.89362,0.57351,0.52917,0.43264,0.40314,0.05012
1.00000,0.89186,0.55118,0.50731,0.41959,0.38907,0.04470
1.00000,0.89323,0.53791,0.49609,0.41204,0.37706,0.03986
1.00000,0.90048,0.53538,0.49175,0.40832,0.36467,0.03811
1.00000,0.90949,0.53951,0.49140,0.40822,0.35482,0.03786
1.00000,0.91599,0.53976,0.48749,0.40663,0.34456,0.03555
1.00000,0.91806,0.54646,0.49007,0.41121,0.34086,0.03143
1.00000,0.91661,0.56851,0.50733,0.42798,0.34837,0.02903
1.00000,0.91399,0.59215,0.52494,0.44484,0.35798,0.02990
1.00000,0.91028,0.61164,0.54018,0.45845,0.36901,0.03337
1.00000,0.90620,0.62152,0.54562,0.46213,0.37649,0.03565
1.00000,0.90230,0.62513,0.54519,0.45912,0.38120,0.03687
1.00000,0.89995,0.62733,0.54156,0.45292,0.38450,0.03896
1.00000,0.89687,0.62966,0.53494,0.44410,0.38561,0.04018
1.00000,0.89554,0.62522,0.52509,0.43255,0.38406,0.03931
1.00000,0.89611,0.61668,0.51421,0.42117,0.37973,0.03915
1.00000,0.89614,0.61318,0.50511,0.41335,0.37707,0.04004
1.00000,0.89591,0.61686,0.49974,0.41090,0.37838,0.04061
1.00000,0.89708,0.62037,0.49694,0.41239,0.38055,0.04049
1.00000,0.89774,0.62568,0.50060,0.41871,0.38282,0.03980
1.00000,0.89743,0.63528,0.51020,0.42807,0.38258,0.03724
1.00000,0.89532,0.64702,0.52463,0.43892,0.38128,0.03369
1.00000,0.89001,0.65845,0.53900,0.44750,0.38135,0.02964
1.00000,0.88131,0.66220,0.54619,0.44883,0.37852,0.02357
1.00000,0.87442,0.66572,0.55711,0.45361,0.37965,0.01957
1.00000,0.87223,0.67234,0.57454,0.46384,0.38571,0.01862
1.00000,0.87016,0.67879,0.59224,0.47627,0.39464,0.01704
1.00000,0.86579,0.67931,0.60437,0.48883,0.40871,0.01419
1.00000,0.87001,0.63812,0.57901,0.47505,0.40714,0.01225
1.00000,0.87889,0.60383,0.55635,0.46431,0.40901,0.01454
1.00000,0.89560,0.58311,0.54202,0.45909,0.40824,0.01831
1.00000,0.91249,0.56937,0.52998,0.45355,0.40243,0.02073
1.00000,0.91972,0.58126,0.53678,0.46066,0.40696,0.02390
1.00000,0.91654,0.63358,0.57330,0.49096,0.43273,0.02846
1.00000,0.91144,0.68240,0.60303,0.51647,0.44948,0.03279
1.00000,0.90399,0.72835,0.63161,0.54107,0.45959,0.03503
1.00000,0.89192,0.77215,0.65786,0.56255,0.46699,0.03428
1.00000,0.87030,0.83289,0.69426,0.59203,0.48653,0.03153
1.00000,0.85188,0.84829,0.68842,0.58839,0.48262,0.02676
1.00000,0.84179,0.83704,0.66082,0.56953,0.46229,0.02293
1.00000,0.83546,0.83099,0.64080,0.55846,0.44459,0.02087
1.00000,0.83042,0.82636,0.62270,0.54641,0.42677,0.01856
1.00000,0.82592,0.82233,0.60563,0.52916,0.40907,0.01739
1.00000,0.82253,0.81980,0.59371,0.51411,0.39940,0.01807
1.00000,0.82663,0.82534,0.59395,0.50935,0.39978,0.02026
1.00000,0.83638,0.83611,0.60552,0.51486,0.40801,0.02312
1.00000,0.84681,0.84587,0.62352,0.52686,0.42580,0.02713
1.00000,0.85911,0.84457,0.64052,0.53610,0.44736,0.03246
1.00000,0.87181,0.82136,0.64789,0.53340,0.46151,0.03616
1.00000,0.88281,0.79905,0.65834,0.53519,0.47530,0.03763
1.00000,0.88965,0.77424,0.66441,0.53893,0.48511,0.03868
1.00000,0.88757,0.73975,0.65266,0.53431,0.48182,0.03765
1.00000,0.88112,0.70020,0.62563,0.51700,0.46469,0.03422
1.00000,0.87544,0.67027,0.59877,0.49570,0.44329,0.02999
1.00000,0.87367,0.65029,0.57612,0.47625,0.42237,0.02621
1.00000,0.87675,0.63850,0.55716,0.46204,0.40560,0.02747
1.00000,0.88282,0.63023,0.53819,0.45039,0.39151,0.03251
1.00000,0.89167,0.61952,0.51863,0.43980,0.38050,0.03936
1.00000,0.89962,0.61713,0.50773,0.43369,0.37576,0.04532
1.00000,0.90193,0.62371,0.50610,0.43283,0.37881,0.04933
1.00000,0.89617,0.62400,0.50153,0.42901,0.38294,0.05149
1.00000,0.88582,0.62073,0.49509,0.42582,0.38497,0.05059
1.00000,0.87854,0.61832,0.49013,0.42475,0.38572,0.04656
1.00000,0.87157,0.61669,0.48394,0.42050,0.38373,0.04113
1.00000,0.86030,0.61503,0.47559,0.41182,0.37761,0.03654
1.00000,0.84740,0.61434,0.46965,0.40535,0.37258,0.03573
1.00000,0.83654,0.61718,0.46904,0.40542,0.37082,0.03866
1.00000,0.82809,0.62393,0.47311,0.41048,0.37168,0.04286
1.00000,0.81630,0.63283,0.47560,0.41100,0.37089,0.04595
1.00000,0.80332,0.64509,0.47692,0.40766,0.37140,0.04762
1.00000,0.79424,0.66238,0.48314,0.41139,0.38134,0.04775
1.00000,0.78896,0.68078,0.49347,0.42300,0.39647,0.04549
1.00000,0.78748,0.69913,0.49534,0.42812,0.40224,0.04075
1.00000,0.79075,0.72892,0.49852,0.43212,0.40703,0.03615
1.00000,0.80077,0.75713,0.50643,0.43795,0.41332,0.03245
1.00000,0.81454,0.77918,0.51468,0.44349,0.41801,0.03006
1.00000,0.83005,0.80265,0.52396,0.44967,0.42166,0.02844
1.00000,0.84229,0.82035,0.52668,0.44915,0.41731,0.02679
1.00000,0.84498,0.82847,0.52289,0.44280,0.40753,0.02424
1.00000,0.84190,0.83080,0.51641,0.43656,0.40008,0.01958
1.00000,0.84062,0.83440,0.50953,0.43230,0.39570,0.01445
1.00000,0.84225,0.84047,0.50459,0.43095,0.39370,0.01348
1.00000,0.84016,0.84016,0.50221,0.43384,0.39529,0.01899
1.00000,0.83292,0.83292,0.50280,0.44157,0.40140,0.02805
1.00000,0.82573,0.82573,0.50652,0.45297,0.41081,0.03608
1.00000,0.82108,0.82108,0.51519,0.46497,0.41777,0.04261
1.00000,0.81591,0.81495,0.52773,0.47548,0.42065,0.04775
1.00000,0.80632,0.80297,0.54523,0.48893,0.42615,0.05170
1.00000,0.79790,0.79198,0.56659,0.50615,0.43657,0.05293
1.00000,0.79495,0.78461,0.58751,0.52183,0.44876,0.04994
1.00000,0.79600,0.77286,0.59999,0.52798,0.45338,0.04365
1.00000,0.80043,0.75414,0.60239,0.52221,0.44714,0.03747
1.00000,0.80524,0.73560,0.60335,0.51437,0.43970,0.03458
1.00000,0.81227,0.71863,0.59871,0.50506,0.43302,0.03677
1.00000,0.82379,0.70759,0.58507,0.49161,0.42683,0.04321
1.00000,0.83235,0.69789,0.56214,0.47191,0.41381,0.04846
1.00000,0.83474,0.68041,0.53906,0.45354,0.39922,0.04821
1.00000,0.83850,0.65791,0.52027,0.44062,0.38687,0.04401
1.00000,0.84458,0.63779,0.50761,0.43330,0.37964,0.03881
1.00000,0.85168,0.62044,0.49850,0.42855,0.37737,0.03424
1.00000,0.85685,0.60229,0.49047,0.42520,0.37820,0.02876
1.00000,0.86214,0.57154,0.47747,0.41599,0.37349,0.02009
1.00000,0.85813,0.54328,0.46566,0.40497,0.36526,0.01171
1.00000,0.83960,0.52454,0.45488,0.39400,0.35643,0.00777
1.00000,0.83226,0.51759,0.44860,0.38797,0.35318,0.00892
1.00000,0.82244,0.54272,0.46690,0.40505,0.37299,0.01397
1.00000,0.80480,0.57026,0.48418,0.42261,0.39448,0.02066
1.00000,0.78435,0.59105,0.49320,0.43302,0.40605,0.02735
1.00000,0.76851,0.62073,0.50543,0.44410,0.41591,0.03416
1.00000,0.76079,0.67132,0.53382,0.46659,0.43499,0.04293
1.00000,0.75053,0.71849,0.56162,0.48825,0.45249,0.05237
1.00000,0.75075,0.73143,0.56345,0.48912,0.45187,0.05873
1.00000,0.74886,0.73760,0.56510,0.48989,0.45228,0.06406
1.00000,0.74186,0.72898,0.56004,0.48439,0.44888,0.06494
1.00000,0.73459,0.71249,0.55361,0.47827,0.44598,0.06261
1.00000,0.73037,0.69296,0.55461,0.47892,0.45104,0.06021
1.00000,0.72642,0.66489,0.55908,0.48370,0.46198,0.05775
1.00000,0.72434,0.62789,0.55495,0.48266,0.46797,0.05204
1.00000,0.73242,0.57318,0.52530,0.45885,0.45186,0.04205
1.00000,0.74855,0.53829,0.50270,0.43963,0.43592,0.03558
1.00000,0.76283,0.52007,0.48781,0.42490,0.42013,0.03502
1.00000,0.77588,0.50428,0.47524,0.41319,0.40661,0.03622
1.00000,0.79399,0.47688,0.45039,0.39279,0.38429,0.03547
1.00000,0.80742,0.45682,0.42505,0.37235,0.36194,0.03470
1.00000,0.80462,0.48372,0.43688,0.38360,0.37019,0.03727
1.00000,0.80314,0.51807,0.44925,0.39420,0.37804,0.04088
1.00000,0.79771,0.54944,0.45964,0.40339,0.38332,0.04469
1.00000,0.79031,0.57727,0.47162,0.41371,0.38772,0.04673
1.00000,0.80147,0.55666,0.44762,0.39253,0.36376,0.04496
1.00000,0.81671,0.53187,0.42431,0.37242,0.34328,0.04380
1.00000,0.82562,0.52632,0.42178,0.36993,0.33776,0.04282
1.00000,0.83576,0.50966,0.41852,0.36733,0.32948,0.03842
1.00000,0.84906,0.48007,0.41164,0.36178,0.31869,0.03219
1.00000,0.86592,0.44318,0.39762,0.34812,0.30358,0.02673
1.00000,0.86982,0.46174,0.42724,0.37076,0.32287,0.02444
1.00000,0.87409,0.49454,0.46034,0.39631,0.34310,0.02162
1.00000,0.88074,0.53919,0.49551,0.42481,0.35658,0.01879
1.00000,0.88602,0.58867,0.53108,0.45407,0.36777,0.01837
1.00000,0.88485,0.63417,0.56090,0.47804,0.38136,0.02187
1.00000,0.87573,0.67323,0.58515,0.49677,0.39553,0.02706
1.00000,0.86616,0.70046,0.60012,0.50795,0.40321,0.03151
1.00000,0.86067,0.72328,0.61536,0.52136,0.40941,0.03488
1.00000,0.86069,0.73035,0.62078,0.52765,0.41177,0.03674
1.00000,0.86074,0.73523,0.61821,0.52660,0.41459,0.03918
1.00000,0.85988,0.74533,0.61308,0.52272,0.41972,0.04165
1.00000,0.86108,0.75680,0.60515,0.51627,0.42206,0.04117
1.00000,0.86491,0.77376,0.60158,0.51337,0.42546,0.03802
1.00000,0.86817,0.78517,0.60138,0.51226,0.42937,0.03395
1.00000,0.86770,0.78159,0.59480,0.50230,0.42517,0.02918
1.00000,0.86315,0.77615,0.58624,0.48750,0.41474,0.02421
1.00000,0.85785,0.76991,0.58223,0.47651,0.40522,0.01991
1.00000,0.85392,0.76460,0.58719,0.47481,0.40253,0.01835
1.00000,0.85131,0.75068,0.59121,0.47220,0.40419,0.01931
1.00000,0.84873,0.72470,0.58909,0.46649,0.40592,0.02260
1.00000,0.84360,0.69763,0.58500,0.46094,0.40604,0.02589
1.00000,0.84047,0.66968,0.57661,0.45396,0.40341,0.02669
1.00000,0.84074,0.64770,0.56836,0.44967,0.40477,0.02554
1.00000,0.84116,0.62416,0.55396,0.43884,0.40462,0.02403
1.00000,0.83987,0.60589,0.53944,0.42525,0.39818,0.02267
1.00000,0.83758,0.60021,0.53697,0.41936,0.38573,0.02243
1.00000,0.84082,0.59949,0.54220,0.41955,0.37249,0.02498
1.00000,0.84893,0.60676,0.55233,0.42586,0.36500,0.02882
1.00000,0.85727,0.61761,0.56335,0.43561,0.36216,0.03197
1.00000,0.86353,0.62264,0.57176,0.44688,0.36066,0.03534
1.00000,0.86605,0.62144,0.58092,0.45979,0.36235,0.04029
1.00000,0.86770,0.62445,0.59202,0.47428,0.37150,0.04566
1.00000,0.87066,0.62913,0.59928,0.48520,0.38448,0.04887
1.00000,0.87187,0.63359,0.60550,0.49444,0.39734,0.04945
1.00000,0.87254,0.63806,0.60950,0.50196,0.40552,0.04741
1.00000,0.87181,0.63705,0.60552,0.50164,0.40461,0.04259
1.00000,0.86693,0.63558,0.60073,0.49856,0.40010,0.03735
1.00000,0.85644,0.63245,0.59582,0.49437,0.39397,0.03233
1.00000,0.83986,0.62391,0.58919,0.49031,0.38543,0.02774
1.00000,0.81531,0.60943,0.57706,0.48542,0.37579,0.02302
1.00000,0.78236,0.58722,0.55672,0.47566,0.36782,0.01914
1.00000,0.74075,0.57035,0.54087,0.46796,0.36802,0.01804
1.00000,0.70734,0.55690,0.52860,0.46048,0.37052,0.01934
1.00000,0.68430,0.55204,0.52662,0.46041,0.37932,0.02190
1.00000,0.66566,0.55475,0.52963,0.46554,0.39487,0.02509
1.00000,0.65438,0.56620,0.52774,0.46604,0.41065,0.02828
1.00000,0.65641,0.58739,0.52411,0.46116,0.41932,0.03086
1.00000,0.66897,0.61738,0.53075,0.46154,0.42337,0.03297
1.00000,0.69571,0.65977,0.55160,0.47458,0.42907,0.03740
1.00000,0.72870,0.70473,0.57383,0.49064,0.43439,0.04537
1.00000,0.75888,0.74228,0.58780,0.50035,0.43847,0.05476
1.00000,0.78555,0.76134,0.58967,0.49875,0.43655,0.06193
1.00000,0.81326,0.74184,0.57335,0.48165,0.41906,0.06366
1.00000,0.83392,0.72236,0.56973,0.47792,0.41040,0.06399
1.00000,0.84949,0.70937,0.57501,0.48464,0.41062,0.06585
1.00000,0.86210,0.69432,0.57854,0.48798,0.41081,0.06618
1.00000,0.87475,0.66298,0.56841,0.47555,0.39998,0.06065
1.00000,0.88356,0.63767,0.56311,0.47005,0.39129,0.05338
1.00000,0.88323,0.64261,0.58363,0.49022,0.40027,0.05079
1.00000,0.87902,0.64538,0.60022,0.50624,0.40818,0.05314
1.00000,0.86968,0.64745,0.61259,0.51488,0.41432,0.05807
1.00000,0.85530,0.64819,0.61986,0.51782,0.41893,0.06322
1.00000,0.83807,0.64618,0.62049,0.51868,0.42433,0.06788
1.00000,0.82165,0.64366,0.61914,0.52054,0.43168,0.06941
1.00000,0.80654,0.64342,0.62049,0.52111,0.44052,0.06845
1.00000,0.79239,0.64934,0.62811,0.52423,0.44821,0.06416
1.00000,0.78406,0.66365,0.63999,0.53045,0.45124,0.05556
1.00000,0.78397,0.68547,0.65158,0.53735,0.45205,0.04488
1.00000,0.79361,0.71537,0.66722,0.54824,0.45465,0.03528
1.00000,0.81000,0.74943,0.69060,0.56936,0.46745,0.02906
1.00000,0.82916,0.78654,0.72388,0.60650,0.48997,0.03207
1.00000,0.84726,0.82264,0.76140,0.64943,0.51781,0.04701
1.00000,0.85627,0.84397,0.78513,0.67750,0.54562,0.05902
1.00000,0.85112,0.84354,0.78778,0.68462,0.56203,0.06539
1.00000,0.84472,0.83883,0.78103,0.68408,0.57191,0.07285
1.00000,0.84512,0.83979,0.76670,0.67763,0.57566,0.08083
1.00000,0.83970,0.83435,0.74477,0.66045,0.56984,0.08465
1.00000,0.82824,0.82327,0.72055,0.63878,0.55563,0.08151
1.00000,0.81988,0.81525,0.69663,0.61338,0.52699,0.06975
1.00000,0.81905,0.81478,0.67737,0.58894,0.49740,0.05799
1.00000,0.81943,0.81611,0.66486,0.57004,0.47449,0.05120
1.00000,0.80869,0.80694,0.65946,0.55627,0.45683,0.04942
1.00000,0.78894,0.78858,0.66283,0.54771,0.44580,0.05042
1.00000,0.76643,0.76643,0.66433,0.53439,0.43589,0.05382
1.00000,0.74276,0.74276,0.65918,0.51634,0.42697,0.06075
1.00000,0.71299,0.71299,0.64351,0.49438,0.41541,0.06407
1.00000,0.67741,0.67741,0.61983,0.47150,0.40080,0.06154
1.00000,0.64682,0.64663,0.59978,0.45708,0.39045,0.05806
1.00000,0.63130,0.63022,0.58826,0.45115,0.38555,0.05427
1.00000,0.62078,0.61839,0.57686,0.44717,0.38123,0.04871
1.00000,0.60764,0.60443,0.56168,0.44196,0.37506,0.03935
1.00000,0.59474,0.59129,0.54603,0.43335,0.36698,0.03050
1.00000,0.59195,0.58852,0.54050,0.43165,0.36591,0.03119
1.00000,0.60668,0.60326,0.55297,0.44288,0.37653,0.04041
1.00000,0.62549,0.62230,0.57051,0.45495,0.38653,0.04557
1.00000,0.63471,0.63228,0.57929,0.46140,0.38990,0.04485
1.00000,0.63931,0.63809,0.58184,0.46659,0.39400,0.04368
1.00000,0.64094,0.64070,0.58121,0.47025,0.39950,0.04159
1.00000,0.64071,0.64071,0.57944,0.47505,0.40576,0.03770
1.00000,0.63705,0.63705,0.57777,0.48126,0.41106,0.03227
1.00000,0.62393,0.62393,0.57035,0.48265,0.41209,0.02408
1.00000,0.60434,0.60434,0.55662,0.47793,0.41146,0.01927
1.00000,0.59229,0.59229,0.54874,0.47321,0.41425,0.01987
1.00000,0.58787,0.58784,0.54794,0.46817,0.41773,0.02376
1.00000,0.59029,0.58924,0.55040,0.46269,0.41928,0.02875
1.00000,0.60313,0.59710,0.55678,0.46007,0.41754,0.03519
1.00000,0.62403,0.61198,0.56925,0.46382,0.41581,0.04375
1.00000,0.64699,0.63238,0.58765,0.47181,0.41620,0.05268
1.00000,0.66842,0.65330,0.60629,0.47860,0.41987,0.06086
1.00000,0.68557,0.66930,0.62122,0.48238,0.42501,0.06807
1.00000,0.69026,0.67127,0.62548,0.47919,0.42543,0.07183
1.00000,0.68419,0.66462,0.62325,0.47400,0.42226,0.07176
1.00000,0.66939,0.65391,0.61694,0.46739,0.41823,0.06952
1.00000,0.64099,0.63014,0.59834,0.44994,0.40967,0.06435
1.00000,0.59934,0.59226,0.56550,0.41993,0.39405,0.05593
1.00000,0.55348,0.54853,0.52614,0.38582,0.37097,0.04518
1.00000,0.51673,0.51252,0.49426,0.36230,0.34782,0.03386
1.00000,0.49646,0.49321,0.47899,0.35822,0.33412,0.02390
1.00000,0.47900,0.47743,0.46656,0.36088,0.32709,0.01693
1.00000,0.46270,0.46244,0.45545,0.36224,0.32220,0.01353
1.00000,0.45267,0.45267,0.44982,0.36512,0.31913,0.01287
1.00000,0.45133,0.45133,0.45084,0.37307,0.32117,0.01519
1.00000,0.45404,0.45404,0.45404,0.38322,0.32768,0.02121
1.00000,0.45314,0.45314,0.45314,0.38870,0.33475,0.02841
1.00000,0.44536,0.44536,0.44536,0.38474,0.33801,0.03551
1.00000,0.43053,0.43053,0.43053,0.37154,0.33457,0.04000
1.00000,0.41748,0.41748,0.41748,0.35832,0.32893,0.04092
1.00000,0.41216,0.41216,0.41216,0.35079,0.32658,0.03993
1.00000,0.41224,0.41224,0.41224,0.34768,0.32907,0.03742
1.00000,0.41743,0.41743,0.41743,0.34821,0.33565,0.03257
1.00000,0.43350,0.43350,0.43350,0.35651,0.34800,0.02617
1.00000,0.46158,0.46158,0.46158,0.37114,0.36415,0.02176
1.00000,0.49972,0.49972,0.49972,0.38921,0.38017,0.02181
1.00000,0.54464,0.54464,0.54418,0.41180,0.39810,0.02680
1.00000,0.58698,0.58698,0.58483,0.43608,0.41810,0.03527
1.00000,0.61427,0.61427,0.60934,0.45132,0.43006,0.04078
1.00000,0.62624,0.62624,0.61696,0.45353,0.42928,0.04165
1.00000,0.62595,0.62595,0.61268,0.44627,0.41931,0.04023
1.00000,0.61443,0.61443,0.59890,0.43566,0.40765,0.03741
1.00000,0.59181,0.59181,0.57557,0.42266,0.39639,0.03364
1.00000,0.56184,0.56184,0.54603,0.40811,0.38623,0.02899
1.00000,0.53292,0.53292,0.51800,0.39416,0.37827,0.02396
1.00000,0.50853,0.50853,0.49448,0.38183,0.37147,0.01907
1.00000,0.49187,0.49187,0.47904,0.37371,0.36751,0.01695
1.00000,0.48497,0.48497,0.47339,0.37065,0.36807,0.01885
1.00000,0.48635,0.48635,0.47493,0.37208,0.37162,0.02118
1.00000,0.49084,0.49053,0.47637,0.37537,0.37537,0.02111
1.00000,0.49859,0.49706,0.47543,0.37821,0.37821,0.01786
1.00000,0.51197,0.50852,0.47628,0.38194,0.38194,0.01336
1.00000,0.52987,0.52390,0.48220,0.39021,0.39021,0.01157
1.00000,0.54603,0.53810,0.49042,0.40104,0.40104,0.01201
1.00000,0.55900,0.55016,0.49823,0.41204,0.41123,0.01145
1.00000,0.57450,0.56535,0.50445,0.42060,0.41671,0.00982
1.00000,0.59453,0.58562,0.51068,0.42547,0.41791,0.01024
1.00000,0.61305,0.60507,0.51539,0.42638,0.41578,0.01283
1.00000,0.62326,0.61728,0.51657,0.42440,0.41024,0.01531
1.00000,0.62548,0.62203,0.51399,0.42187,0.40271,0.01860
1.00000,0.62866,0.62712,0.50969,0.42017,0.39586,0.02275
1.00000,0.63269,0.63238,0.50260,0.41499,0.38837,0.02699
1.00000,0.63627,0.63596,0.49379,0.40733,0.38158,0.03066
1.00000,0.63735,0.63545,0.48357,0.39959,0.37637,0.03357
1.00000,0.63508,0.63015,0.47260,0.39376,0.37207,0.03427
1.00000,0.63473,0.62710,0.46839,0.39409,0.37109,0.03272
1.00000,0.63511,0.62624,0.47159,0.39912,0.37455,0.03030
1.00000,0.63437,0.62527,0.47966,0.40519,0.37853,0.02663
1.00000,0.63342,0.62428,0.49050,0.41171,0.38308,0.02193
1.00000,0.63444,0.62548,0.50506,0.42091,0.39135,0.01829
1.00000,0.63736,0.62962,0.52103,0.43052,0.40111,0.01730
1.00000,0.63902,0.63401,0.53381,0.43435,0.40692,0.01893
1.00000,0.64270,0.64077,0.54026,0.43245,0.40868,0.02175
1.00000,0.65138,0.65106,0.54059,0.42692,0.40768,0.02663
1.00000,0.66507,0.66507,0.53569,0.41851,0.40341,0.03165
1.00000,0.68369,0.68369,0.53133,0.41265,0.39819,0.03552
1.00000,0.70073,0.70073,0.52897,0.41155,0.39302,0.03766
1.00000,0.71102,0.71102,0.52560,0.41260,0.38862,0.03831
1.00000,0.71599,0.71599,0.52102,0.41567,0.38861,0.03583
1.00000,0.71490,0.71490,0.51409,0.41694,0.38951,0.03076
1.00000,0.70439,0.70439,0.50497,0.41516,0.38898,0.02597
1.00000,0.68146,0.68146,0.49354,0.41063,0.38723,0.02209
1.00000,0.64607,0.64607,0.47514,0.40163,0.38293,0.01914
1.00000,0.60486,0.60486,0.45319,0.38849,0.37515,0.01765
1.00000,0.56885,0.56885,0.43597,0.37414,0.36582,0.01754
1.00000,0.53703,0.53703,0.42419,0.36156,0.35573,0.01813
1.00000,0.51162,0.51162,0.42206,0.35765,0.35201,0.02016
1.00000,0.49448,0.49448,0.42828,0.36166,0.35587,0.02359
1.00000,0.48668,0.48668,0.43508,0.36559,0.35978,0.02597
1.00000,0.48758,0.48758,0.44077,0.36590,0.36011,0.02662
1.00000,0.49337,0.49337,0.44735,0.36676,0.36060,0.02584
1.00000,0.50397,0.50397,0.45417,0.36882,0.36259,0.02610
1.00000,0.52659,0.52659,0.46533,0.37587,0.36992,0.02731
1.00000,0.55746,0.55746,0.47707,0.38574,0.37972,0.02687
1.00000,0.58856,0.58856,0.48292,0.39247,0.38642,0.02458
1.00000,0.61190,0.61190,0.48496,0.39733,0.39136,0.02081
1.00000,0.62013,0.62013,0.49812,0.41333,0.40701,0.01752
1.00000,0.62040,0.62040,0.51180,0.43010,0.42202,0.01449
1.00000,0.61900,0.61900,0.51536,0.43540,0.42509,0.01064
1.00000,0.61609,0.61609,0.51250,0.43308,0.42007,0.00657
1.00000,0.60521,0.60521,0.50713,0.42936,0.41377,0.00269
1.00000,0.58690,0.58690,0.50228,0.42467,0.40770,0.00046
1.00000,0.57873,0.57873,0.49167,0.41204,0.39506,0.00048
1.00000,0.58835,0.58835,0.47404,0.39265,0.37664,0.00261
1.00000,0.60832,0.60832,0.46237,0.38086,0.36558,0.00704
1.00000,0.63095,0.63095,0.46250,0.38234,0.36760,0.01434
1.00000,0.65068,0.65068,0.46966,0.39051,0.37669,0.02280
1.00000,0.66806,0.66806,0.47827,0.39685,0.38374,0.03089
1.00000,0.68482,0.68482,0.48619,0.40067,0.38838,0.03909
1.00000,0.70434,0.70434,0.50097,0.41011,0.39790,0.04646
1.00000,0.72570,0.72570,0.52338,0.42482,0.41172,0.05244
1.00000,0.74576,0.74576,0.54946,0.43906,0.42214,0.05639
1.00000,0.76057,0.76057,0.57544,0.44975,0.42538,0.05783
1.00000,0.77589,0.77589,0.60120,0.46379,0.42913,0.06066
1.00000,0.79592,0.79592,0.62761,0.48398,0.43778,0.06478
1.00000,0.81389,0.81389,0.64850,0.50021,0.44452,0.06241
1.00000,0.81279,0.81279,0.65919,0.50785,0.44720,0.05853
1.00000,0.78422,0.78422,0.65508,0.50563,0.44431,0.05517
1.00000,0.73877,0.73877,0.63630,0.50088,0.44237,0.05498
1.00000,0.69721,0.69721,0.61546,0.50054,0.44884,0.05162
1.00000,0.65436,0.65436,0.58427,0.48694,0.44702,0.03883
1.00000,0.61298,0.61298,0.54982,0.46526,0.43774,0.02768
1.00000,0.57859,0.57859,0.52119,0.44610,0.42822,0.02081
1.00000,0.56452,0.56452,0.50627,0.43747,0.42472,0.01748
1.00000,0.58981,0.58981,0.50732,0.44000,0.42915,0.01766
1.00000,0.62491,0.62491,0.50860,0.43945,0.43005,0.02006
1.00000,0.65931,0.65931,0.50967,0.43775,0.42759,0.02533
1.00000,0.69712,0.69712,0.51283,0.43959,0.42615,0.03255
1.00000,0.73782,0.73782,0.51784,0.44560,0.42787,0.04112
1.00000,0.77497,0.77497,0.51966,0.44874,0.42580,0.04871
1.00000,0.79772,0.79772,0.51444,0.44445,0.41786,0.05478
1.00000,0.80905,0.80905,0.51701,0.44729,0.41864,0.06132
1.00000,0.81946,0.81946,0.52311,0.45462,0.42544,0.06607
1.00000,0.82402,0.82402,0.52600,0.46079,0.43188,0.06713
1.00000,0.81825,0.81825,0.52501,0.46295,0.43348,0.06546
1.00000,0.80219,0.80219,0.52457,0.46309,0.43288,0.06282
1.00000,0.77774,0.77774,0.52569,0.46269,0.43216,0.05925
1.00000,0.74530,0.74530,0.52594,0.46102,0.43097,0.05316
1.00000,0.70058,0.70058,0.51797,0.45255,0.42373,0.04362
1.00000,0.68764,0.68764,0.53357,0.46235,0.43296,0.03392
1.00000,0.70313,0.70313,0.57364,0.48984,0.46067,0.02780
1.00000,0.71340,0.71340,0.60217,0.50554,0.48102,0.02474
1.00000,0.72720,0.72720,0.61204,0.50569,0.48788,0.02348
1.00000,0.75378,0.75378,0.60838,0.49947,0.48651,0.02434
1.00000,0.79593,0.79593,0.61925,0.50861,0.49815,0.02885
1.00000,0.81798,0.81798,0.61630,0.50563,0.49573,0.03281
1.00000,0.82954,0.82954,0.60373,0.49409,0.48305,0.03491
1.00000,0.83147,0.83147,0.58639,0.48012,0.46755,0.03719
1.00000,0.82207,0.82207,0.56403,0.46329,0.45031,0.03961
1.00000,0.79742,0.79742,0.54202,0.44648,0.43301,0.04115
1.00000,0.76595,0.76595,0.53006,0.43873,0.42167,0.04353
1.00000,0.73243,0.73243,0.52516,0.43763,0.41570,0.04440
1.00000,0.69581,0.69581,0.52021,0.43724,0.41237,0.04518
1.00000,0.66157,0.66157,0.51603,0.43856,0.41385,0.04857
1.00000,0.64885,0.64885,0.53095,0.45483,0.43176,0.05503
1.00000,0.64399,0.64399,0.55201,0.47424,0.45210,0.06018
1.00000,0.64740,0.64740,0.56990,0.49100,0.46747,0.06213
1.00000,0.66369,0.66339,0.58055,0.50174,0.47541,0.06194
1.00000,0.68122,0.67974,0.58662,0.50800,0.48017,0.06156
1.00000,0.70207,0.69914,0.58971,0.50916,0.48147,0.05984
1.00000,0.71661,0.71287,0.58362,0.49988,0.47135,0.05488
1.00000,0.71729,0.71343,0.56732,0.48038,0.45024,0.04583
1.00000,0.71729,0.71354,0.55831,0.46733,0.43539,0.03790
1.00000,0.71985,0.71617,0.56152,0.46608,0.43307,0.03538
1.00000,0.72553,0.72225,0.57109,0.46872,0.43663,0.03748
1.00000,0.73261,0.73036,0.58146,0.47025,0.44084,0.04016
1.00000,0.73613,0.73535,0.59088,0.47142,0.44383,0.04125
1.00000,0.73445,0.73442,0.59769,0.47362,0.44399,0.04210
1.00000,0.73296,0.73296,0.59998,0.47776,0.44131,0.04451
1.00000,0.73332,0.73269,0.60062,0.48262,0.43719,0.04829
1.00000,0.73441,0.73227,0.59632,0.48115,0.42831,0.04930
1.00000,0.73642,0.73320,0.58059,0.46900,0.41389,0.04563
1.00000,0.74536,0.74136,0.56233,0.45607,0.40214,0.04087
1.00000,0.76594,0.76133,0.54492,0.44632,0.39494,0.03822
1.00000,0.79570,0.79095,0.53160,0.43807,0.39108,0.03783
1.00000,0.82294,0.81854,0.52986,0.43460,0.39534,0.03890
1.00000,0.84565,0.84188,0.52742,0.42728,0.40045,0.03885
1.00000,0.86544,0.86257,0.52073,0.41761,0.40399,0.03980
1.00000,0.88363,0.88213,0.51650,0.41198,0.40664,0.04240
1.00000,0.89957,0.89926,0.52542,0.41378,0.41210,0.04572
1.00000,0.90885,0.90853,0.54120,0.41542,0.41458,0.04874
1.00000,0.90919,0.90757,0.55956,0.41430,0.41346,0.04981
1.00000,0.90613,0.90293,0.58316,0.41244,0.41159,0.05083
1.00000,0.90646,0.90236,0.61438,0.40590,0.40523,0.04818
1.00000,0.90861,0.90380,0.64586,0.39782,0.39735,0.04442
1.00000,0.91107,0.90546,0.67779,0.38854,0.38831,0.04036
1.00000,0.91329,0.90681,0.71040,0.37831,0.37831,0.03613
1.00000,0.91526,0.90801,0.74349,0.36751,0.36751,0.03186